6 0.22802147146314644 0.35637316402356545 0.0934831298409755 0.07994419379504115
6 0.3395565160320344 0.3850628142161407 0.027722583332151343 0.050932187982324566
6 0.3547072301786753 0.4624281630500515 0.07478650387278037 0.045774498060063847
6 0.345681272814719 0.3312294256525445 0.06833939146995459 0.06189227906712858
6 0.3924228377352068 0.35250489658186995 0.07414179263249786 0.12636340309538757
6 0.3389118047917518 0.24000278515255802 0.11411388953001843 0.14506002906358262
6 0.2870125499490033 0.1980965545341897 0.1263634030953876 0.06769468022967193
6 0.5 0.8578125 0.06875000000000007 0.08125
6 0.56953125 0.84296875 0.0703125 0.0703125
6 0.67265625 0.7078125 0.1140625 0.15
6 0.80234375 0.8734375 0.1578125 0.146875
