6 0.20042492917847024 0.5028328611898017 0.1005665722379603 0.20113314447592068
6 0.06444759206798867 0.2839943342776204 0.12889518413597734 0.19121813031161472
6 0.2273371104815864 0.27195467422096314 0.11189801699716714 0.22662889518413593
6 0.28611898016997167 0.13881019830028327 0.08215297450424927 0.09915014164305948
6 0.2400849858356941 0.11827195467422096 0.06373937677053822 0.10056657223796028
6 0.39660056657223797 0.024787535410764873 0.11331444759206803 0.049575070821529746
6 0.4242209631728045 0.22167138810198303 0.15155807365439095 0.16005665722379603
6 0.5686968838526909 0.27478753541076484 0.1940509915014164 0.24645892351274784
6 0.37252124645892354 0.49787535410764877 0.3711048158640226 0.330028328611898
6 0.71671388101983 0.4220963172804534 0.10764872521246457 0.25495750708215303
6 0.5212464589235128 0.7492917847025495 0.09915014164305952 0.2096317280453259
6 0.3307365439093485 0.6869688385269122 0.17422096317280455 0.15297450424929188
6 0.438385269121813 0.6501416430594898 0.08640226628895173 0.19546742209631732
6 0.511331444759207 0.5311614730878189 0.09915014164305884 0.1274787535410764
6 0.6784702549575071 0.5941926345609062 0.14447592067988663 0.14589235127478734
6 0.7252124645892352 0.7110481586402266 0.10481586402266288 0.1841359773371105
6 0.8279036827195467 0.7245042492917847 0.10339943342776195 0.2053824362606232
6 0.9022662889518414 0.8449008498583569 0.14447592067988665 0.15722379603399417
