3 0.2048389045008657 0.6963866001346779 0.18500454086272064 0.1031240473036357
3 0.16395021974497376 0.6505763790620718 0.24935394638018799 0.2242968950047114
3 0.25701313920004965 0.5942895422409388 0.1459804266727533 0.21951678813187253
3 0.4261617613022923 0.5841828924489744 0.27419720177226065 0.17700299223018512
3 0.5661595795651431 0.6634981882360479 0.2642230544291396 0.17515731732927942
3 0.28788719611558966 0.47848274824035136 0.2662799829892576 0.1267303528104278
3 0.43575246506067145 0.4286431238504209 0.28530276316894376 0.18229999967153854
3 0.2579918213613354 0.2788023726549854 0.07739418794339012 0.28858813683039636
3 0.28322869693830593 0.25062122082030724 0.48101712131651925 0.22071451458019659
3 0.3258048943962077 0.14185843862047692 0.14573002072585636 0.2837168772409538
3 0.470625251491086 0.12180638065183924 0.19113684054093458 0.09807902937064822
3 0.5867974468790151 0.19133955395154117 0.2950896081409154 0.13269638511182513
3 0.6195022110919125 0.3423519172501613 0.2092893618417704 0.16944068086102443
3 0.7322921147276799 0.27668661666668615 0.13664784178778533 0.40171186789449814
3 0.7285145443656915 0.4354926757776037 0.20931005256821492 0.32205665432117003
3 0.8481347342482808 0.31812639838874535 0.10476412198568254 0.21471691759537478
3 0.7806369458279641 0.5383974890706534 0.2279896063846738 0.2279490583100446
