6 0.5028822540359985 0.9660903851135203 0.10603141939274215 0.0678192297729437
6 0.3676190921204116 0.8190247489123922 0.1045761633349011 0.10401293136487086
6 0.3476406298226779 0.9098728103609609 0.10730582486095849 0.07907229308877706
6 0.22886343061276943 0.5745798551066549 0.09708382765263641 0.1488000552368416
6 0.40224876188767344 0.6517659230884282 0.12045340329844657 0.21650863645866417
6 0.5416743454536197 0.7891728280126534 0.15263424758733815 0.14109179509553427
6 0.6754677574225617 0.7389897365881616 0.09278743849066119 0.152883340879615
6 0.6262628119916659 0.5932966502602333 0.14175097228631547 0.16616018410022748
6 0.8880970267867214 0.7592549718145947 0.09459332950069832 0.09375112023174684
6 0.8730014118329376 0.6401650733202251 0.18999139175181554 0.20462037280211942
6 0.9146154862071468 0.4864683060215354 0.1707690275856943 0.19050433156438196
6 0.7512349387150872 0.46835896902965346 0.24074591354943564 0.2183707201018994
6 0.8578546758706354 0.26079469641819014 0.1084341690834061 0.10622204394024086
6 0.7310752199416976 0.3245839230154333 0.12417134580673894 0.144949773552338
6 0.5260438156603067 0.3604391049841589 0.08495888261682062 0.13795340756009505
6 0.2026206060667173 0.38452485159630867 0.09371253806341262 0.10354447671177916
6 0.038650971516857396 0.362111339556358 0.07730194303371477 0.10156129301271813
6 0.0594449021054925 0.2055201024949924 0.11888980421098498 0.17901578233706125
6 0.3088383889550301 0.22542180138345308 0.2911818872239496 0.2673892640452863
6 0.4852813635037303 0.13824991893485478 0.23601149821990025 0.27649983786970955
6 0.7458439186971192 0.11823565615193346 0.09932767643783315 0.06619461660435065
6 0.7530568542527064 0.057735490542053486 0.10182022317772771 0.05874504679045802
