3 0.9492035847439594 0.1449530506381552 0.0827427446558069 0.1897179234125776
3 0.8670477345099719 0.16270695623068118 0.08792871893344462 0.11216287004979784
3 0.7561515197304297 0.18874626712166037 0.06395722859907187 0.12857645181997515
3 0.6811738190027994 0.20682463167052068 0.14138363800060233 0.1578052965788059
3 0.5776976684278698 0.37412107416761503 0.1670776603440308 0.15575099779325902
3 0.5836177239729167 0.6040630212287723 0.1858646866423516 0.27560820346904813
3 0.49714634407895963 0.4060593972353121 0.13208865360889163 0.09791565118382392
3 0.39503832123275856 0.4237944628794421 0.14123092088643818 0.1495472678347947
3 0.3679818233730812 0.48395452010655277 0.10853313924791534 0.07206202559411881
3 0.3374397424138803 0.5486500364355813 0.22665791077756167 0.14910704953451764
3 0.10820069224984526 0.5243720049460827 0.16220047408083765 0.19322620224136572
3 0.1314487103315836 0.6676518368055588 0.2628974206631672 0.16082984340236023
