3 0.0717639987375878 0.42291290701247325 0.1435279974751756 0.18763920558525757
3 0.11258616724316745 0.5571552538893065 0.2251723344863349 0.09872799727729714
3 0.3167985379784783 0.4635087811797877 0.24821250815068369 0.15071950449144228
3 0.23324115565297387 0.37363898852334737 0.10964474852236117 0.10431118008688285
3 0.3524986064385812 0.40447123259485546 0.11525099866094304 0.06678041316284418
3 0.39046236339378565 0.3494892225351625 0.15333399741130244 0.14692125733451236
3 0.5071882435538595 0.3419470677162843 0.1539720028885206 0.1002005785449673
3 0.5727475300336723 0.31530226126097616 0.1343915704668191 0.15496856840079837
3 0.5832931678792334 0.5338273893495029 0.22042066893950185 0.2504219652569575
3 0.8063376479785448 0.1530632077196988 0.07738706604978669 0.11929467133512496
3 0.21368078455083014 0.5950016964220278 0.20058142820793423 0.07858568024773513
3 0.9366205277094427 0.142832219528018 0.09987563981356763 0.12601758580504194
