3 0.13525384010638433 0.3702432621388909 0.21316782017216007 0.25472238030118527
3 0.18624924811367655 0.32916362791079473 0.21430105146121106 0.09776984676763081
3 0.22552674281672971 0.3980555755198673 0.1330417512439989 0.22565747015682075
3 0.2888592526361247 0.4956047214241266 0.2571999617060966 0.16133254583205217
3 0.4022441046195433 0.3874192764133199 0.2833232865765453 0.11931075122868293
3 0.5230845308743993 0.2756550643573664 0.24624940023373532 0.19280152962833028
3 0.4407392624188178 0.5049024901975792 0.2611046331313533 0.2000897920456287
3 0.3468398894582068 0.3376779341472114 0.11382931186572824 0.08062909590489059
3 0.2943141792145535 0.6726283210106616 0.06933958608406432 0.2664878827366502
3 0.3356616257834905 0.715710474845346 0.4534800543724624 0.23479218996779377
3 0.3956697353232785 0.7866270845729357 0.17870478649455784 0.2540798060110998
3 0.6304638998112327 0.6830015516639125 0.2912648482549743 0.1676648562091064
3 0.6380302267035982 0.7910400575158453 0.1067598709364275 0.14261327811022229
3 0.6391716278505413 0.5520709884170073 0.22466924630116641 0.13555069242233667
3 0.7586390716873506 0.5807950098384513 0.2013066376655075 0.33681927047840515
3 0.7200734365604415 0.4444940086058227 0.23966674665521048 0.2540988436389029
3 0.5993041118544852 0.44375953320522954 0.004269851178607027 0.004269851178607027
3 0.8554752972639891 0.5175036449279596 0.1238256841796035 0.20251294161393274
3 0.7559448927323896 0.34855535613906513 0.25388918589547704 0.18202300071985783
3 0.9246240557245895 0.4054046505318047 0.1507518885508193 0.15135516422754514
3 0.8348173742297119 0.2884170482688714 0.12735819841998927 0.08905498085006781
3 0.9155722326453969 0.6712288587585843 0.16885553470919196 0.10189633850501915
