0 0.362783323020132 0.9180868821517382 0.11873050032438708 0.16382623569652416
0 0.07414317994450124 0.678951496798241 0.14828635988900246 0.16126133108449975
0 0.13586793992991336 0.4848888540178504 0.15882753389977705 0.2434502343690667
0 0.3978963606045029 0.5633017038560181 0.16966620306902197 0.16031707423843805
0 0.35016184293545133 0.4603398247541082 0.12450818518537123 0.13029504959720503
0 0.5319244234436635 0.3702197474385133 0.1279743682479279 0.22332675069494123
0 0.7021546744223722 0.2798118497075442 0.12115178296168323 0.2666396722969054
0 0.8071443468439551 0.23197177338719702 0.09899089944292776 0.264434077367351
0 0.8322719165116694 0.3739312676306325 0.1747800395451371 0.22768090749022135
0 0.8650827400483867 0.4528170109202353 0.1713667366887467 0.23418777487116163
