6 0.10055734045462578 0.7684233959106317 0.04089610478473031 0.07803837235518833
6 0.24910111711732516 0.8566575898107719 0.05231288279296953 0.08704781154440301
6 0.18940188537150063 0.8165930777802254 0.07914903090930402 0.13935033892646362
6 0.19913541110721614 0.6960682997256251 0.045468561656594506 0.06461806998211056
6 0.2260240947317375 0.749310106491192 0.05105459295439166 0.052234912279876665
6 0.23924004468045015 0.6892991105232046 0.08334603774215717 0.1250899557461674
6 0.31171350632709877 0.7391775264925731 0.09224139778840663 0.15742798343290287
6 0.3912016645141302 0.688793172125264 0.04289590181762219 0.08118486589214231
6 0.373667028835148 0.5352827879047792 0.05252582559382744 0.055877592029933455
6 0.5377143675425855 0.5157882623414396 0.045349048292522995 0.08175309738252455
6 0.6927131843518852 0.5304317571270234 0.05224476125973917 0.08277596183253742
6 0.6505917855131986 0.7106911501820796 0.04901084121916259 0.06686771462818589
6 0.7201901204389022 0.7558015992399895 0.059876993007284225 0.060725260456076915
6 0.7057285956293308 0.7095969365561001 0.06105255339060411 0.05819469093292562
6 0.715738826408621 0.6206836704150633 0.06733554927932567 0.09268885302017103
6 0.7704206587182112 0.6168225282537863 0.04726480312369473 0.08128539090631787
6 0.8202715218027536 0.6019040773718302 0.05492102989966827 0.0787169720573226
6 0.8526134831371931 0.7676474049862841 0.05706560377932519 0.06855294463472277
6 0.2805670089633075 0.3072187050010479 0.0470543250958247 0.06078118533845512
6 0.7198007541275919 0.36020014500738 0.0970064887716011 0.14178389040537967
6 0.41257632771118063 0.4055795829594513 0.042976802377674594 0.06962878080311012
