6 0.07511716448173451 0.8268787074902407 0.15023432896346903 0.14238820035439992
6 0.11982128886517106 0.7309917479882952 0.14360324552103546 0.09165356163861782
6 0.14549109323790843 0.5749485477261722 0.2295296920126169 0.26574096446517637
6 0.31685103297194833 0.7803120479387153 0.3419076901536624 0.1907127886195637
6 0.2773467291771635 0.9459060312924504 0.258317254112972 0.1081879374150878
6 0.1470774653426927 0.9485936367428464 0.1724401180721632 0.10281272651430619
6 0.04937728565772076 0.971089319871536 0.09102796362614621 0.05782136025692809
6 0.4864041197554364 0.7235319458150965 0.30404725625367285 0.18588087855973426
6 0.5930604498556687 0.6681313564634263 0.23766895495248805 0.12104686505429081
6 0.7805947882813392 0.6770914087840797 0.23968841156109869 0.19600453416415642
6 0.6553309801526054 0.5577805854080946 0.15234785716595403 0.12358114219949505
6 0.7347118611950475 0.9569390116264406 0.18073865243967766 0.08612197674711883
6 0.8749191034709619 0.9575427180737389 0.16019355124468448 0.08491456385252222
6 0.9181184668989519 0.8758403457164939 0.16376306620209002 0.16817103005511008
6 0.3016012051416064 0.6367289856442726 0.10353839506093639 0.11632868544211822
6 0.3870481717552885 0.5848342195000292 0.25764594981224664 0.12244838797763062
6 0.5163979287163657 0.5445146140565146 0.11707215085915772 0.10588930515051159
6 0.5254893287525073 0.4537006204387837 0.20399384354631178 0.0852256750034322
6 0.7456477315476312 0.4586183520628828 0.1478312769701556 0.14409176319391845
6 0.8389441277889965 0.40381557311864674 0.1085879023745348 0.10548347426803051
6 0.6252572899462804 0.3280718766803266 0.2441517535494296 0.1544289193844254
6 0.43861548099736036 0.3624474485573985 0.26728127338060886 0.12586670588938273
6 0.29004780632062444 0.393019512651358 0.2714891075985979 0.1296251254769455
6 0.313177196415741 0.4916514006245879 0.22571893174088573 0.08949798025267407
6 0.09125439122969875 0.41616403162480503 0.18250878245939753 0.14150306972547524
6 0.022911925554738068 0.524390243902439 0.045823851109476135 0.08362369337979088
6 0.06445993031358874 0.3053048623275072 0.12891986062717747 0.10720802800671116
6 0.21342892607575162 0.23081223103799262 0.1576679470537706 0.11173576536905826
6 0.8253734697715984 0.2800181187935296 0.13996826307142043 0.1331576708317072
6 0.6358868881447579 0.21214422591061355 0.26249608503887256 0.1397751609920103
6 0.4427415143987337 0.16144212356638607 0.11299093767713121 0.1345254232799755
6 0.7780017995641526 0.1351709423452103 0.17637158914555764 0.11643678778059603
6 0.9695121951219414 0.1809630027155016 0.060975609756094326 0.056885763303605286
6 0.9247550136687377 0.08758294103132837 0.1400370109900615 0.12703801284268224
6 0.5535341182726097 0.10483285751617924 0.28489236997885775 0.13124688880718294
