3 0.07759800968468467 0.498647290700738 0.15519601936936933 0.3765308946418721
3 0.8593897450124718 0.41122347843608503 0.2812205099750549 0.42837087453865313
3 0.14968740999934949 0.4248616432967489 0.22172130343130006 0.6470564560574998
3 0.31048652463567666 0.5048073927106025 0.1066703948447218 0.6319542068748784
3 0.41486688231681995 0.4623722612374603 0.08450997148371343 0.6361143041378449
3 0.46019645030238415 0.4637959446062634 0.08439607964862533 0.5834988339442474
3 0.5053434044193696 0.5053370551244505 0.08106307447457695 0.700116073145451
3 0.5542896181688469 0.46878093014066574 0.06967327405429827 0.6300231141175496
3 0.6048919094782562 0.5277305391571027 0.08704828687998367 0.7054562195000714
3 0.6579266645124519 0.5138909724343619 0.10839787276081238 0.6205422130693701
3 0.693387531471869 0.48731907709624894 0.1531608572191952 0.6192482637816255
