6 0.04333679353939769 0.8460471608722488 0.08667358707879538 0.2845776513305383
6 0.23242202942578893 0.6091240287439462 0.13912817125915491 0.30342811560841726
6 0.09110623431166828 0.2369258449396541 0.18221246862333648 0.20268565843314634
6 0.3433345594815169 0.3855839279763443 0.11049819313172136 0.2669096279834402
6 0.45110106359984636 0.28109571741200157 0.11823000176415377 0.2781086955719768
6 0.41624017083154036 0.5702427845085386 0.1388080553878794 0.2278860782887979
6 0.49591458989426457 0.45556201698644805 0.18686585452931392 0.17551415410505938
6 0.6506258876456763 0.5621348035539195 0.17842670956128287 0.18365054167383993
6 0.5571091613397762 0.7080530706307002 0.12084015875781626 0.245277671103884
6 0.4525748485358693 0.7459288295861193 0.1437043478947724 0.14047812624241418
6 0.8065592287754061 0.7207154813324482 0.38688154244918566 0.47230669752210164
