6 0.23647281374918144 0.8399288933070193 0.11687704902098944 0.23381436275663653
6 0.15979833771997096 0.889330043509918 0.13338942280620847 0.10687110304475565
6 0.05864834184671034 0.8223183414960008 0.11729668369342057 0.17845388502274986
6 0.31177080667139445 0.672068680702991 0.14008755086257996 0.3982331816355808
6 0.40291834593229 0.7644729235173422 0.09540486245342418 0.21119599744493345
6 0.47476784892596613 0.8483229661225573 0.11814369347105229 0.21041292894181718
6 0.5585017269827403 0.7618412758758032 0.17323872178154287 0.24208525632076797
6 0.45295362420223695 0.645592189458474 0.17160832832732942 0.2685570489259593
6 0.3273612811222588 0.46209038256531415 0.08152573838956428 0.2070441617620109
6 0.3355906018673266 0.25431083551832634 0.12377058218745458 0.30806251414629393
6 0.4099824482639153 0.44151506175960575 0.07823572888030589 0.2321472981351852
6 0.4682897882839343 0.32841491747423013 0.21599293362777294 0.5799096853583224
6 0.6149525327469956 0.5082034721009245 0.15067778405056018 0.31206113094647264
6 0.7278329071933815 0.4319360743454847 0.12934921883536393 0.2342659869221633
6 0.8112423091407117 0.2831332166970259 0.1298768673192968 0.2783951142382315
6 0.8825349154976122 0.6220371074301425 0.09691795556466502 0.21172961978670723
6 0.911701117178255 0.8313759190578799 0.14601283985653604 0.2327185451594967
6 0.8188423880382034 0.7290699484948928 0.11718070207253987 0.24435487251584007
6 0.7980089679462652 0.9131556350470896 0.08182595894309776 0.17368872990582093
6 0.7323193138485609 0.8717645212388327 0.11213529691206917 0.25647095752232657
6 0.6396723364226172 0.8556334450039631 0.12038287240331767 0.18508434613261993
6 0.6374097657172664 0.9668892310762871 0.1170081489163484 0.06622153784741446
