6 0.22814371532243297 0.7461015198434947 0.07911488461678608 0.05940178503348087
6 0.1822405379114842 0.6010811267673415 0.08379145791788205 0.1350470407677417
6 0.17714615203875128 0.6809663210220067 0.0792251424785265 0.05921529131314225
6 0.13316632327074976 0.6250455485838384 0.04689056378795008 0.08239731380254924
6 0.29568319218986666 0.6730387595208505 0.13116206353140203 0.11502286207044399
6 0.254903398511967 0.6202933821897206 0.08281280380618358 0.09797433583569254
6 0.23671171120960818 0.48622352351584963 0.09878214578836847 0.0861545839389749
6 0.2569507996228986 0.5436394218540885 0.08323989201932842 0.07939236321192196
6 0.41619027786587615 0.6523422271980698 0.06482713169844768 0.07870297512261545
6 0.38716934349697346 0.7230854687831209 0.05854446581542877 0.10531630834263415
6 0.4121430402490646 0.8167695807943922 0.06252035628501339 0.06309384432686423
6 0.4699787340053494 0.8089012988283085 0.08883524393523153 0.0839743125410689
6 0.4544093530195765 0.7275249598431114 0.050063902064284266 0.0965419427525258
6 0.5088704447191055 0.7307219370646593 0.051532189120083755 0.09667649859498685
6 0.32167320480335476 0.7511194765468567 0.09702016957927602 0.08617234691332457
6 0.30711422045074377 0.5375036364617 0.09915485987310432 0.09960269764482589
6 0.37785142377672043 0.5215274483876265 0.09393697736627281 0.0946968026943028
6 0.4141976987234496 0.5643083616485344 0.07323946796618006 0.0795097636380961
6 0.45987359773782566 0.5759833926717398 0.06752541130106 0.09944920029542245
6 0.3142674645890188 0.4436429065879035 0.05132144216770224 0.07998163063102465
6 0.3711985873818014 0.4387402780856545 0.08353402192376698 0.08062332743057322
6 0.3136840750697973 0.4072914068477169 0.08437647428016284 0.06529849492146389
6 0.3419207826567052 0.3517903569257575 0.08074868170341527 0.08339975737224208
6 0.29786062571055383 0.3115145679863181 0.10244474491764512 0.1420702897671166
6 0.28558335651145655 0.250868673861234 0.07941114503207052 0.08751443967417309
6 0.22444262406214133 0.25692862240120334 0.06087552653377861 0.0645018229640274
6 0.17712308844326047 0.24237320712114446 0.05487120958092242 0.05385324561146659
6 0.18832426191748744 0.3074329950099821 0.08610666271418829 0.08977930049847549
6 0.22016921062765593 0.44478377660163626 0.06454389593737504 0.1086547424164454
6 0.5577643889973025 0.8770611488391722 0.06655685000983615 0.09236200348258061
6 0.6678554783870614 0.9704663464628862 0.06682275857816974 0.05906730707422565
6 0.6194549262121363 0.9052343882742862 0.06861944513368538 0.09267543404854389
6 0.6568593653101259 0.9148377582140901 0.03750901163379745 0.08262889254659049
6 0.671062747451004 0.8583863641023423 0.04960494930603528 0.09719366622857263
6 0.6411823391215187 0.8163122358921078 0.08023904857011051 0.07445995050820478
6 0.6340423565396974 0.7667520086150952 0.041691105674963376 0.07978766482506434
6 0.5577275692776437 0.7939629422468143 0.05328772876456986 0.0731468841790838
6 0.6230651437290418 0.6774003544136481 0.047061502699421734 0.09602360748548038
6 0.5272313281176417 0.6391119996411959 0.07720351762529992 0.06990856391306198
6 0.5827104257978837 0.6457420044808581 0.043614696405495174 0.08974806447250584
6 0.6012197040551039 0.5901490254758222 0.03427779446332081 0.09093520766056258
6 0.5149501965168519 0.5571081815216494 0.09051498486599413 0.09407932289380348
6 0.5675258704468343 0.4975045113525715 0.06344238511912847 0.12175418810693704
6 0.4588644303761545 0.4636754295846419 0.07754827256804461 0.09237001986650538
6 0.43156810403742624 0.37983195482018856 0.10140156029043204 0.10231868770220903
6 0.6021024585780302 0.48028203358861704 0.10496815032109978 0.08733578162794549
6 0.6399784728107298 0.5479483070449538 0.06047820057506608 0.05392522625264902
6 0.6737938374229192 0.5940148916207687 0.09055675619581742 0.08019977788044823
6 0.6705365077435173 0.6744800099660896 0.07861461833936932 0.08807275283350471
6 0.7200585530791911 0.6375247680884191 0.05669752386450309 0.09830896992460929
6 0.6769429500948402 0.74168525167558 0.04785261276274058 0.09178979601176515
6 0.718617201906784 0.7534448931090388 0.03656500570778292 0.0778004099504962
6 0.532876812436283 0.381926972509163 0.045044408745335954 0.07708519607214513
6 0.4784697310209027 0.4082343820202853 0.07451981789607953 0.09996563366330811
6 0.4668809127428829 0.3214135078970788 0.04313382566784573 0.11588893991991828
6 0.5049124336324998 0.3032771966579169 0.06967683518450982 0.0807174473226853
6 0.554694092729878 0.3423010428865074 0.031102272085284325 0.0758936139972671
6 0.6069288649995103 0.3485155163686763 0.0588945612296708 0.1009128662102578
6 0.6781615596917586 0.5001078460129667 0.05125973589312662 0.0945348828086877
6 0.42478417299847904 0.2653172641539347 0.04528456432581782 0.11282360236251643
6 0.38980927164436074 0.24544858891928542 0.06326465771879512 0.11810455337849103
6 0.3261285617560897 0.2066420309056236 0.0888770230674901 0.09092741515489187
6 0.3122084620835169 0.12387485379572766 0.05843820572989028 0.08991075369336349
6 0.2533497876249919 0.11253746228673514 0.06325466053498337 0.1277665624055046
6 0.38741632924546193 0.1320527607058965 0.08906291999645473 0.09397063221663338
6 0.5349255623499368 0.17113553134975504 0.08896215584672784 0.09650195759410195
6 0.6041170581590337 0.2305837502601184 0.07466426274426577 0.11270192425699312
6 0.5006678856701539 0.08340332080327219 0.09581946097052135 0.08845654639137307
6 0.3590711285303227 0.03178644918662932 0.0814394663106242 0.06357289837325864
6 0.42839677828507694 0.04615428949092098 0.06904645546341219 0.09230857898184194
6 0.8081285835134006 0.6168739071768112 0.06987407803628506 0.09970754573892336
6 0.8099398877347811 0.5281978184328535 0.11898671345116404 0.08221680738889516
6 0.7575737301113247 0.4593016642311194 0.06609495716411294 0.1177862640039012
6 0.7386587152583792 0.40778761138483793 0.03656054546167669 0.04021151591982954
6 0.8622355272277331 0.4408259691910617 0.10455479251856312 0.11683200202911488
6 0.8861865991373645 0.3586610228202282 0.05047527142664187 0.1291709753624143
6 0.8557362798526112 0.299118723547058 0.0743074488899245 0.10200611496932256
6 0.7732314842742237 0.3394596647327781 0.05805983510904932 0.12606940250957036
6 0.8089353926461965 0.3800971825702075 0.06945368019522291 0.06884769524945622
6 0.7275585779511209 0.32322426119906483 0.05425882957102215 0.07598314303988943
6 0.6878126866819722 0.28508561385069386 0.04107732255884998 0.08182646492825266
6 0.7296172600161088 0.25325824487880927 0.0626477451400916 0.06627329427346973
6 0.9402709866255559 0.7151904640981493 0.0523319040522157 0.0701230138448364
6 0.9571978225261237 0.5987660506760965 0.07485988923553807 0.09116435477157832
6 0.7806546210603328 0.23238483008542438 0.06953098669279267 0.09161864381568857
6 0.7330363286345642 0.19225867801922408 0.06951770996496028 0.058680019498793756
6 0.7310137384948591 0.12789051686926445 0.039481488966950085 0.07502141858417054
6 0.7709553326546963 0.1194719152001164 0.06797277946835613 0.09242669691845438
6 0.7910802413320915 0.16385544811148176 0.05074229140425666 0.05647854738879768
6 0.8347938574724116 0.12382023371594368 0.07680915298617308 0.061889978625544885
6 0.9091047251197045 0.12410699841088499 0.07871451677184624 0.10122361784029475
6 0.8135762788236582 0.05939815937082841 0.062378846325912084 0.035488221308662374
6 0.8713682031449356 0.0594867728445368 0.05767096341259555 0.09981571926151299
6 0.9049953783873549 0.03125111184983459 0.06057710444009871 0.06250222369966918
