6 0.18467160942954 0.9502601499049166 0.30362945197713054 0.0994797001901502
6 0.3582645531225412 0.9543109681851543 0.15367732388111313 0.09137806362967543
6 0.5846078907481828 0.9488258707546636 0.13463870940069 0.1023482584906727
6 0.12096981064129703 0.7430672021632527 0.1924581459099367 0.1468779866596142
6 0.10087011730179164 0.8675560039625252 0.20174023460358328 0.10209961693892264
6 0.2280467937228876 0.6504153633662396 0.25586502148093 0.2013299324311514
6 0.4222671036343711 0.6740302307445765 0.16210219275417168 0.24648737280912061
6 0.533959969229896 0.6749555836689555 0.16233775300986927 0.14394017622781954
6 0.6504176131807359 0.7668016902768275 0.18270796201800685 0.17684981865103286
6 0.6515730629404564 0.6117013581345749 0.15867947318023454 0.1194237061284377
6 0.9029014249917847 0.5831941644778991 0.11084792397134301 0.11218422434913468
6 0.7884761599961575 0.5769092936586485 0.13590152184794854 0.14096133344403128
6 0.9433648412522243 0.47602657257579617 0.11327031749555175 0.12173481138842196
6 0.7983702146721262 0.42232819411901934 0.16069232972794592 0.1925414358016012
6 0.5821666390490976 0.5464499032274973 0.09265227244101056 0.09656182063828649
6 0.6400929950048636 0.47527360865529206 0.16711797808840154 0.10512622684368854
6 0.466183951473569 0.5246381476238262 0.16404707696659857 0.16042384174627256
6 0.35222367680714123 0.5436121256933005 0.09287758367124872 0.0967031006205113
6 0.1693759571365342 0.5308928538795924 0.12761030135589319 0.09491799270559097
6 0.07882362347376323 0.5572977082641719 0.1085461809889603 0.14208195115992903
6 0.015615528021194093 0.5480070756725915 0.031231056042388183 0.11818375879847473
6 0.31573698883521056 0.41843816283799495 0.27420103180575767 0.22866087028160828
6 0.48928990631311164 0.4067005865501933 0.15689883281889 0.13622593817092216
6 0.5362578873078996 0.3452879982178418 0.21554209651417616 0.17864371209461058
6 0.6586966781053124 0.3682589095399604 0.15620162636613574 0.1717660755759978
6 0.3502564792303426 0.24511420051960287 0.29754209854732966 0.1567320236600037
6 0.23180785048158967 0.31720872060788563 0.17446176078557638 0.0793383739415821
6 0.11365536631078327 0.3700494243562655 0.07950802496847145 0.07197539536831278
6 0.44607915554214955 0.16880898203194025 0.18069716706284325 0.06128454138899561
6 0.6217292881490114 0.17659390855557128 0.15997623644145034 0.09529665157699906
6 0.8222425709972068 0.22268310764644805 0.14546728881320767 0.11079017681327082
6 0.8994607050898883 0.3531738982414372 0.20107858982022322 0.15603178633541015
6 0.0361833288662557 0.3572768694719914 0.058965424819083366 0.10318949343339583
