6 0.23042417987255806 0.8849311338222318 0.460848359745116 0.1793875012040902
6 0.298874668373668 0.9497657663186082 0.42910796698616965 0.10046846736276858
6 0.5603715379137769 0.9623284228902146 0.1596810024983838 0.07534315421956148
6 0.9213910650991309 0.9231644806524113 0.15721786980173819 0.08709388480843729
6 0.7111129016676908 0.9735807848400078 0.18020747752138294 0.05283843031997416
6 0.04050762881432623 0.7450156000393435 0.08101525762865246 0.11149485766484771
6 0.1812599870763038 0.7045457126400693 0.17688397455939725 0.09391313258811045
6 0.36605745881216334 0.7657694296740845 0.2929849115034022 0.12351340546017936
6 0.5425810966292848 0.7214509862553943 0.1559085990765545 0.12388974499304889
6 0.3488436687548501 0.6564406289639608 0.26615689026999456 0.11136142615450301
6 0.15497323417462025 0.5766205452760363 0.20312380194691498 0.13342476879865012
6 0.17823358191446947 0.4591929319535609 0.12301768647702507 0.10220339202271961
6 0.39728863242267815 0.5404779894018611 0.25806256085966495 0.12658659624943056
6 0.29882859999397027 0.4204450600570415 0.16687277914772664 0.13422200031178186
6 0.59570985564079 0.5384722292589806 0.27645433022530985 0.13256917734073856
6 0.7955481667020038 0.6853957850568624 0.15773983015791893 0.11590964202351813
6 0.9535939115600505 0.6303409615176602 0.09281217687988946 0.0821926679381596
6 0.9382390128879744 0.5311045802246397 0.1235219742240504 0.09760280322436991
6 0.7584303868166564 0.5076645002084245 0.3169370487350954 0.1082250019502285
6 0.5308166736467798 0.444050560643663 0.23783667920411655 0.09004856863757084
6 0.7497923004654156 0.43204248104631915 0.23921277426366783 0.09668015739588248
6 0.9140987853468423 0.3599232243681397 0.17180242930630685 0.2362078091211712
6 0.8116268236897415 0.29559689403512673 0.11105852542826974 0.11845445886516127
6 0.6932416868127634 0.3380382116973093 0.27505573982447556 0.11978526171909604
6 0.5480003741144734 0.3660696101012585 0.121696331363928 0.08828980523806795
6 0.4105375337131671 0.33545046713512333 0.14860119983051215 0.11152927351940849
6 0.28886970191319583 0.2145336756382773 0.23274973519169023 0.18622230126518374
6 0.16973303490401567 0.04632366095888704 0.2280670649122623 0.0926473219177741
6 0.4939995229296447 0.23827538337897525 0.255818284276222 0.11810562306049428
6 0.6218686756793688 0.19770482105702483 0.27276236526406406 0.18590005241615493
6 0.8312291383333522 0.15968412734042253 0.33754172333329163 0.19093258628289786
6 0.875725023681747 0.03552904413522071 0.24854995263649712 0.07105808827044141
