3 0.11542674614695886 0.8195947899970314 0.23085349229391772 0.10369638576616894
3 0.12238897921750126 0.5541706218689463 0.23150296333469153 0.174031947961394
3 0.20940495319819813 0.65535198696278 0.22259900320643414 0.1481295184973725
3 0.25376286365533496 0.4767665923221444 0.11089477614284177 0.18617371177265415
3 0.40611381169113625 0.67042049645493 0.08857850023117171 0.2221798204324333
3 0.3173214306739381 0.44797000481351423 0.06726412723213643 0.29092500282812533
3 0.5514722042473542 0.6815689872952675 0.21721173806819924 0.1611818551036091
3 0.6272400983851122 0.6712452353932826 0.1996735402365838 0.13110073709717188
3 0.3580270213261984 0.431456262023443 0.059472927130597854 0.2299619849049774
3 0.536445802717992 0.5769666904029715 0.18159067083875843 0.10229343466462845
3 0.5170179798553296 0.5281988901558811 0.18555553264746527 0.0935707386854732
3 0.4841096268430652 0.45048759870523364 0.18317661556224096 0.10308640702636968
3 0.4924358366413497 0.3941865610216017 0.19189931154139545 0.10784424119681743
3 0.4480293843838366 0.2862630225886105 0.21886037184059984 0.10308640702636929
3 0.48292016830045303 0.33225541956960564 0.18872742209443005 0.13004746732557357
3 0.454373163277767 0.17683283666831073 0.1712820301361215 0.206172814052739
3 0.501158532620504 0.15066474873084768 0.20458686932925635 0.18396958792398244
3 0.6185184421582167 0.308466248717367 0.10308640702636923 0.28388410550338655
3 0.6844716985867663 0.5766566492660649 0.18455480993115278 0.2938306842324931
3 0.7548939286920741 0.5511589452624187 0.19588712282166193 0.2525486872742092
3 0.770667947922168 0.24545233552919674 0.15110034537879252 0.3587342152876723
3 0.9113456899573221 0.6853390511927097 0.17318516380430077 0.12473455250190714
3 0.5899278236556342 0.8172801365181211 0.2359172073416558 0.14273502511343472
3 0.6058308843703563 0.9290289736241527 0.13956313566646933 0.14194205275169247
3 0.6934543303427693 0.9135660125701969 0.10387937938811094 0.17286797485960395
