0 0.555395338690062 0.8122061245423495 0.027165955577167767 0.0846648367302991
0 0.5301289860398778 0.7916129757472748 0.026986090848390498 0.09282725319732187
0 0.5714514453390865 0.7342653046666875 0.026073937599934687 0.09730877881040295
0 0.6441768160237177 0.7113342276489888 0.03221345562469316 0.07859164955361456
0 0.5489092779062845 0.6856993499735257 0.05388634869593578 0.061977622355699556
0 0.8407981800581369 0.7825137418759434 0.05262847814425971 0.07411707663948514
0 0.8308080426906568 0.71951711957331 0.05006713405468057 0.07241466978255542
0 0.9012470621634754 0.7858946511817888 0.03651664669221009 0.08062974968718209
0 0.9440549386994769 0.7587828955357766 0.05704263975971082 0.037648317470700306
0 0.761591378755036 0.658424897694104 0.06364953244495415 0.04237718277032745
0 0.7418374401899794 0.6252323875391076 0.061135818811186106 0.03457758300792754
0 0.5064434907558344 0.6209262593461914 0.05572704685223547 0.10977926679799864
0 0.5654811836171963 0.5270333568635845 0.05931046608607131 0.04296106205135886
0 0.5083734963995222 0.526047623340014 0.033975084559665754 0.07685374684715707
0 0.4907513366862999 0.5160150236052075 0.04007531485464533 0.07187369946780849
0 0.4789134432984998 0.47999582442998984 0.046373876981594356 0.07475630350270514
0 0.9588238238227555 0.6522168190734813 0.04403067914548836 0.09155256962190234
0 0.9296210888615503 0.5703602229107212 0.03535557090928005 0.08974916951772945
0 0.8621053540499272 0.5363980150371911 0.026372656240491708 0.08789782882756032
0 0.7884829846781395 0.5266150504088418 0.032311164577803156 0.08552310013402549
0 0.7472351304482109 0.5491318083271848 0.04418396392759882 0.07426703083831701
0 0.7348694674172009 0.48088796649396187 0.032452094673240436 0.09255543767349828
0 0.746887838166455 0.4717496385679771 0.030063206229173398 0.07878187944014155
0 0.7043516702578354 0.42080958340694335 0.035363842986189095 0.08924333803474531
0 0.750940373218705 0.39764822909195663 0.0228891004102736 0.09096301638439198
0 0.7759501092310629 0.3898193469164214 0.02862303227592107 0.10038385656589412
0 0.8279053113666092 0.45045691266912596 0.05793447417987999 0.040659647544959814
0 0.8310307241431056 0.42298483276422366 0.050379089625406895 0.032441820482480996
0 0.6046928599987434 0.42000811120948234 0.056747117309456474 0.048428601384019776
0 0.5964324023257338 0.3715342631153413 0.06359877558437642 0.05082039351942755
0 0.4139508408311285 0.30585889355594587 0.0372396402674206 0.0942784521368149
0 0.36497161711803855 0.3318513900253766 0.06592677623389924 0.06747156814380244
0 0.5213130948544427 0.3276074304336465 0.03801060859579925 0.07635158130941395
0 0.5692974501917643 0.27460629144014637 0.04036362760896662 0.10414251599916197
0 0.6416760266805278 0.26239706863604567 0.04909928424511793 0.051811917054511734
0 0.6519095930595448 0.20845638623665722 0.045525428202454164 0.07677294765870007
0 0.6248472139399617 0.17350299544171002 0.0509666693726428 0.08721376517504703
0 0.6926307574562328 0.20749821022650608 0.04003644806737843 0.09052721655977507
0 0.7388281451855572 0.18934780379185384 0.025889934642547078 0.07581378811138335
0 0.7515129537520128 0.17988828018242942 0.022973135561224975 0.06979933845799725
0 0.5860893134358911 0.12114948132105507 0.03238316173595009 0.11045857097673782
0 0.6419386193934298 0.0957645021189342 0.036813256214006 0.09633623089532976
0 0.7180793080889921 0.1066534115246197 0.04306700962954811 0.08822813938056327
0 0.7059306366426585 0.3331586876143393 0.0315213647457981 0.09203917529249357
0 0.6352453963849637 0.8354008054004859 0.043869748903294134 0.08602932371616469
0 0.6713290052802692 0.776030286062849 0.03971209355082288 0.07581905448453663
0 0.7581828863212678 0.7402644360287662 0.03970275821190015 0.0932021715098053
