3 0.462919712961848 0.1032778999442428 0.06082856031676529 0.1706362558613367
3 0.38060567792912053 0.2521531952419363 0.11852409559901406 0.16205542755893276
3 0.5106205648372125 0.29264070614108884 0.10774789757714047 0.243808788697301
3 0.4844061865376621 0.24469269085698125 0.07408054331014544 0.153669641270368
3 0.35846612914162274 0.3307514758079452 0.11150539927162267 0.14179607240238573
3 0.36932151661317925 0.4561424293208705 0.13170487141848616 0.07980436971580712
3 0.40039984603541867 0.5363957923709927 0.09473704744908386 0.1966387503860056
3 0.5409827114867258 0.5956707077649174 0.13186884026550963 0.24256832457167557
3 0.521799429574103 0.5392123880143164 0.1037090032149165 0.1617872417463116
3 0.4652292591122362 0.5337313565523317 0.04878500904144012 0.20162993127161774
3 0.40769036058994246 0.6957643923833158 0.11382582123779911 0.17632604997950288
3 0.5497142203739297 0.7820990986201994 0.14015905377369944 0.4358018027596005
3 0.7399516834624943 0.7913454116854917 0.24736569973048309 0.41730917662901623
3 0.07229965156794425 0.492550817633802 0.1445993031358885 0.17517711037699474
3 0.437332652761026 0.3977732483071936 0.05892802703064979 0.20811112684647068
