3 0.5959457751282607 0.2708627219549456 0.12187220030399011 0.06914760210085151
3 0.6708395745191958 0.292798117791501 0.05951636614881849 0.07773566190866092
3 0.5128542739136277 0.2798164356489092 0.07047758533780464 0.05881732215094053
3 0.4050517588860324 0.3651266704345569 0.10033222953974598 0.14656154900284976
3 0.41800297903438605 0.48168178074891144 0.026247923080488084 0.06098473550470303
3 0.38262047513228553 0.4589306526766008 0.05271058365146913 0.04178679209291441
3 0.37818804639841636 0.5475851426212576 0.10832666067086788 0.03550259073463381
3 0.39602814721295304 0.5353835857412541 0.10239809868431758 0.04428058956926577
3 0.46647714675828245 0.5487791211651776 0.07342283046627389 0.024985622195820952
3 0.5473249822866832 0.5693011912898387 0.08946345314257233 0.02305050370717038
3 0.5513241665779216 0.5351916082972178 0.11296198033302833 0.0455063270820567
3 0.6268634763475699 0.5411930414543338 0.1342827094405753 0.04483975585718092
3 0.6301950500603644 0.5682784634929294 0.10028515403801645 0.05513619464682839
3 0.4622267185019282 0.47678397415416457 0.046264940692923605 0.06659483276727196
3 0.5078717752464165 0.4757206602985368 0.06439196543987635 0.08065855053859197
3 0.5529109491150194 0.4658855193420271 0.03826217953392734 0.0931641077784209
3 0.6041220166036364 0.45317116992149264 0.06550039254463032 0.07864616592108467
3 0.678870400394102 0.3942156419645933 0.1357068280543672 0.05685678759235409
3 0.503413610953587 0.4186632167982651 0.12178937069565102 0.060097561719041265
3 0.44021764720925155 0.37429770880171376 0.07556574780435323 0.09260686999105205
3 0.5210738583932779 0.3730613269947812 0.08947096166320756 0.09144477485183344
3 0.5655077150663178 0.35031315277147923 0.09483155231807813 0.08501923561689857
3 0.6689840719239311 0.35058074272240497 0.0849163722505612 0.05060890894951689
3 0.6315603309561696 0.34401559582258306 0.05665401099347676 0.07791732389210411
3 0.3618300168595041 0.4839067442679519 0.06803725723784083 0.05299420267750335
