6 0.07111122375344553 0.8853071732405684 0.03479071201111185 0.052919980467680254
6 0.10118206324626762 0.8837366005954004 0.02402666272959407 0.042061338025811565
6 0.08596652807621577 0.823821108070664 0.02840539899777441 0.06589626482185744
6 0.11818374308439558 0.8591586218054116 0.024924917390380826 0.03944771644735064
6 0.14107913495413524 0.8777337463134398 0.032247296520475956 0.05086653414672541
6 0.1503614730173789 0.82901362011128 0.025098047765589198 0.03383497982900447
6 0.12905104140186097 0.8249775131860981 0.022162136969556153 0.04770924574924082
6 0.08774978082672956 0.7712227127301845 0.05179942262887651 0.04855719912914505
6 0.16949331208256335 0.9065551593102649 0.02830863897731006 0.03466942586141597
6 0.15182102334583886 0.9293642496105008 0.027137761794500465 0.051609333191121945
6 0.12079216764830412 0.9791630093366379 0.03649927932132111 0.04167398132672093
6 0.18638705802819458 0.9478359208552969 0.05893435725797083 0.0657205620385302
6 0.22515464026597465 0.9856854612194745 0.05344950893633186 0.028629077561051517
6 0.1950160096554484 0.9877246124780946 0.029302496114135646 0.024550775043810404
6 0.4324268138104976 0.9043131332859075 0.03796048102132556 0.0524887582422686
6 0.46064470333675006 0.8410216357516447 0.04129939348572698 0.04226836950525921
6 0.3449707485853116 0.811129769945576 0.018639257872490683 0.038992909774011444
6 0.5967053600636438 0.7641524409463165 0.04819663529237668 0.059692671728716735
6 0.5355810529941428 0.6575286364655559 0.04408284712244166 0.046778676969163005
6 0.24438433632808443 0.5873559333115734 0.04485716716425061 0.07530970753151246
6 0.2177168634988813 0.5600492644438073 0.03818196921788508 0.05850206839374957
6 0.2392932176671447 0.48535118734408855 0.04177491308107948 0.034226402757229185
6 0.2567698171070213 0.5275820366952954 0.028727070704733723 0.04061059579853152
6 0.2846430928352378 0.47924313690074066 0.030844162903856876 0.03127622277768385
6 0.31061924246655936 0.4841953773574002 0.02259001104896097 0.030802924713817344
6 0.3148929281890131 0.4508223685133362 0.03061627713213679 0.028682067253481533
6 0.2722251256608354 0.5941803506551229 0.01997078653644207 0.03471844110701954
6 0.274651821985977 0.56253734482878 0.017571513366849662 0.02966469773632214
6 0.17196026806549017 0.5871402474892983 0.03119733278065229 0.02561692211435757
6 0.22785312480005826 0.5165305238501885 0.018836731502489382 0.031866857086862675
6 0.23807036579336532 0.46659688045679454 0.026807638873842698 0.035282263308262125
6 0.3623174591105198 0.45852978227095 0.027348236172178533 0.050484222229405434
6 0.3432314935845045 0.4215842934056255 0.02267492052884617 0.028275846611615325
6 0.3251536745480667 0.4041768354904613 0.02615139234836702 0.03134447535641851
6 0.30429756326723445 0.41485906907795994 0.020328943027645156 0.02346727345422345
6 0.2522891948760698 0.4376167358449185 0.020148653815464206 0.02089777972010964
6 0.2570921672848424 0.45525790209167993 0.021801945879810557 0.018715653545235262
6 0.09682430753411414 0.37058636404276435 0.03188091995519824 0.028565101388040453
6 0.04446971578234336 0.41084271850315707 0.025539268027863195 0.027722816876546236
6 0.40547290720651186 0.6845605254494739 0.015370246564729718 0.03705677811974994
6 0.38681259130496815 0.6890897524673075 0.02025310292616487 0.020548396689734544
6 0.5006566192030093 0.7169664589013272 0.035086926773735566 0.03720356959091701
6 0.45617450650890534 0.5193242364330817 0.030243493053349522 0.04373655918796616
6 0.48327361290573706 0.47873271574277615 0.033767302205956355 0.07543800321052321
6 0.4367282926042408 0.4823970855192259 0.03408249327567 0.03580995320942283
6 0.45736146315481446 0.4629961273911103 0.029885560072324506 0.048341943200372564
6 0.4333746656907499 0.44210327106987024 0.029091031955781818 0.03943593344556684
6 0.4005126071617224 0.4395010294941747 0.038971177996397904 0.02916816017901819
6 0.3945421344306939 0.40366064751194325 0.022856845927241024 0.022229081075557024
6 0.41931851346703164 0.40556693000635624 0.024770172148067236 0.05783418737695584
6 0.4095439226732524 0.37576210542067634 0.030119402944018533 0.03364497556793793
6 0.40964926880077074 0.34702162259517344 0.01604103111629958 0.023216431446999274
6 0.4418844816839131 0.3700587053232757 0.032745303386881086 0.04179286620371843
6 0.45461400154100606 0.40294652068735365 0.03281071935137145 0.028747928769925764
6 0.46634941120896767 0.3748282666305329 0.016496169619626317 0.029509884621642713
6 0.48656647474617726 0.40741262789599375 0.024138167269103908 0.038108826193625496
6 0.5042360681792295 0.36518036944476934 0.03842167826594561 0.03989577959756855
6 0.4691808296109567 0.3281132447335174 0.03648350119484306 0.04154693374912394
6 0.44206656635028574 0.3004226770041845 0.023075202675327536 0.02950113364089222
6 0.3406034174118885 0.31662331646663033 0.03726562678474711 0.03357758533761364
6 0.4315776170120336 0.2707568052828796 0.025164086830010698 0.022776143117873914
6 0.4783832015119773 0.2675721501924425 0.03452400609025544 0.03368177757817551
6 0.4494446548271359 0.1767999683371341 0.041166953694254535 0.03925725839223317
6 0.48932382490211557 0.157727082591064 0.03117711059555041 0.05048957216069844
6 0.46854158528135237 0.13061737770110451 0.0213448717951527 0.026809035420493194
6 0.49183272442637466 0.11308555356008126 0.0286865346203055 0.03819409599957027
6 0.3451260263333377 0.17574624791660548 0.029279972942971088 0.0371524087072326
6 0.3145690643692177 0.19079851073713666 0.037694061131948155 0.03273573335486961
6 0.2806953098562364 0.05616934736575065 0.03459224458443362 0.03950116789398808
6 0.6922683194946745 0.7599216920432771 0.020744306024480456 0.021979255316630534
6 0.6895714794543767 0.7389941459612268 0.01995594251617217 0.02391763071932191
6 0.606477456173209 0.6880987390035949 0.0235035689240396 0.02696774052673763
6 0.6296507555294245 0.6388523694916451 0.017529596489877678 0.029722652319274342
6 0.6123750956188535 0.6484096521079193 0.02130159785376128 0.025620843492531353
6 0.6467143614777277 0.6367594682052329 0.024109184625564824 0.029366694463040674
6 0.6850745248478886 0.6667908078993894 0.01804161665567487 0.03183529447117069
6 0.6871106468550505 0.6319951751851769 0.020851067650417207 0.03809949844082312
6 0.660427887994096 0.6006526753225337 0.02625741289268131 0.02933812891506588
6 0.585945441819726 0.5840159610720422 0.02087490572174989 0.031073587553032897
6 0.7346747232683215 0.7108930537266366 0.032490977173257156 0.03322629891125912
6 0.7544029039381894 0.6106570570425965 0.01979755020655024 0.035414224051454966
6 0.7328036966288403 0.5901040981149306 0.022000322554113824 0.020611407690144704
6 0.7147885414366038 0.5701396844999614 0.024245119734488275 0.04541988528251149
6 0.7001453288603489 0.5451762271030205 0.030524588223308675 0.03380881603267882
6 0.5423939811133068 0.5316322084532152 0.03831947791344757 0.03293026115766165
6 0.5666335705192115 0.5029193954553025 0.03633372137221742 0.03879513408637958
6 0.7193884214777262 0.53217954538294 0.0225169452393145 0.02695374464341699
6 0.722111087149267 0.5027735953687649 0.025574390978862452 0.028891749680956383
6 0.6937115736367966 0.4725500389658259 0.03239773228783599 0.07792289318552459
6 0.7661442837454358 0.5473613828044537 0.02066554797948007 0.035102479672621346
6 0.7507008777119117 0.5183230297548062 0.01843152254288189 0.025529080048191263
6 0.7910367344008171 0.5041777927004398 0.028409742257734752 0.05132040581524579
6 0.8143505643665844 0.4894798268561493 0.02877204709727105 0.028423548059946162
6 0.8470824946161524 0.6095596115318815 0.025433784924152058 0.025305901793594297
6 0.8446855176810368 0.5008430885944679 0.019909394218158787 0.051251694717287924
6 0.8715643009503684 0.5103968394500364 0.021700477201198384 0.024197749951190534
6 0.8726100952598099 0.4688307083745263 0.028366096628258636 0.04038055742888706
6 0.5489436728841229 0.2838724989429199 0.03958847034572845 0.06971145554305141
6 0.7111226636661715 0.11053594878756254 0.03006179177113223 0.040901949312650364
6 0.3823257420080018 0.11372637426665264 0.023394918874446523 0.023688136966006197
6 0.36846048005542864 0.134564011835976 0.024071940430298765 0.026873521157853922
6 0.7380694014898508 0.11144688539143126 0.025683421949643567 0.032785585409849584
6 0.7261881348421986 0.09451961971979714 0.01608150559818693 0.03039495180328213
6 0.8153107517371097 0.11958597263878507 0.03143057143918064 0.043157996256376396
6 0.9046578724501083 0.2683967293483597 0.029158733651797168 0.03324752287528991
6 0.8864963602741962 0.2861391443252531 0.022917619803182666 0.029280453919218387
6 0.9868613846680048 0.9135833764180383 0.02627723066398982 0.04594698081340062
6 0.989311772656632 0.8541097958914974 0.02137645468673664 0.04751101019161431
6 0.9658658103633286 0.8112892500300016 0.02336156311995166 0.032592254273469325
6 0.9103739549067406 0.7649388067788727 0.030390153124794525 0.031030657561827536
6 0.9812897031210901 0.78242257931749 0.0233280530130594 0.02782842593492334
6 0.9950743154431602 0.7507716758140881 0.009851369113665751 0.030639147458999583
