0 0.15343311378071378 0.934815289699372 0.04692144152315407 0.023460720761576966
0 0.20107642363499326 0.9313864151265263 0.04259023153640136 0.034649679894021686
0 0.24059871476411154 0.9220021268218954 0.04583863902646588 0.038259021549648796
0 0.34563055694286404 0.9236263305669276 0.042229297370838734 0.034288745728458705
0 0.3692717447872224 0.9113545689377949 0.04114649487415051 0.036454350721835026
0 0.35122503650908626 0.8810360990305263 0.0360934165562724 0.053057322337720335
0 0.23129564515849374 0.8825749407894505 0.04752806953884221 0.05673893572854027
0 0.22208477896879564 0.8418629122309852 0.026895729273918468 0.06226545544235918
0 0.21848174601963902 0.7954504041423283 0.050107112071957685 0.05821267431889211
0 0.1495844669206972 0.7875290592191877 0.0375803340539683 0.0630023247375356
0 0.06448735734047385 0.9085283032772787 0.03935792265204989 0.03764670862369982
0 0.08262622604098382 0.8813200002265138 0.0441493219314299 0.033197552149989915
0 0.11890396344200373 0.8802932718095035 0.04004240826338987 0.03661998020669001
0 0.07886155517861378 0.8371706782950825 0.04072689387472983 0.05578557732421034
0 0.33562522096807 0.9492736732751496 0.04856032654789389 0.03144193805259352
0 0.3929443731163292 0.881219345134648 0.03892811377940106 0.04990783817871943
0 0.41814783139658246 0.8447866232641827 0.04741244626978336 0.0439188975972732
0 0.28753116356633207 0.8491597181620142 0.039276582708696314 0.03809533210091601
0 0.2705506860794897 0.8123932929948512 0.04252502188009227 0.034256267625629847
0 0.2653384177726588 0.7775582125714089 0.04518283574759795 0.05315627735011532
0 0.3041720315034375 0.7986730671854825 0.03130314110617899 0.057585967129291475
0 0.31923297675263684 0.8116668238710661 0.04311564718398238 0.05286096469817025
0 0.342119707278381 0.8183113585398306 0.0404578333164767 0.040162520664531486
0 0.4098205542159042 0.8050589884533054 0.04039422895544767 0.028336250162776792
0 0.44720028847318416 0.7877256439388408 0.051849308808485046 0.03165219433076118
0 0.45142058105061894 0.8431923463851273 0.04280582471398198 0.047327566761233585
0 0.48819741636826536 0.8134995736081749 0.04160002683471489 0.033762340619478554
0 0.45623188833703887 0.9137939746281178 0.03160220883702422 0.053203718674990054
0 0.4774333702150424 0.9277949532267994 0.02200153779792828 0.045203159475743604
0 0.5014350478127823 0.9575970362439931 0.030802152917099618 0.05920413807442514
0 0.4944491137001912 0.8865081887289575 0.04087491811269217 0.036787426301422954
0 0.5187882694854761 0.8577099509677427 0.03232834432549289 0.04682036074726554
0 0.561335343339142 0.8242668361482672 0.044590819759300473 0.029727213172866983
0 0.5442421957647434 0.8824206969176883 0.03567265580744042 0.02638290169091931
0 0.5245089770454284 0.9010548943977118 0.04679804522723522 0.0268772557048311
0 0.526253996078864 0.9685116247188025 0.0347457934137352 0.055738043601200216
0 0.6099360362045094 0.9077938821205143 0.024414589527335398 0.07110209204487218
0 0.5795248925739319 0.8889475444700665 0.044117563136276135 0.02741285476428814
0 0.5355774904563666 0.9390855727082307 0.05974113794520747 0.04670670784807129
0 0.6022194345754884 0.8558696867937757 0.03517227169068484 0.03724122884896047
0 0.6212409915921595 0.8300077223153312 0.026474085732950754 0.05068945037775156
0 0.6384698002602184 0.8843749800272565 0.04061445454034178 0.03939602090413132
0 0.637251366624008 0.9140235318417058 0.030054696359852855 0.04183288817655196
0 0.6378500085560656 0.9591824731869568 0.0337099972684836 0.05889095908349546
0 0.6043430835602837 0.9685237977312354 0.04061445454034164 0.028836262723642533
0 0.6819166917323364 0.9551210277329227 0.04873734544841 0.02477481726960832
0 0.6772460219916416 0.9699453036401477 0.044269770386083075 0.030866985450659537
0 0.6639206968846176 0.928168056033468 0.032068113623670624 0.04338627137320174
0 0.6603366135972663 0.894968126634844 0.038481736348404925 0.03659537672348321
0 0.6345907894646322 0.8587707157270947 0.04135331774140525 0.041703769586671345
0 0.6538656409542702 0.8223237238194155 0.049063258337260295 0.034694732681348345
0 0.6617508074727584 0.8550909713518001 0.022779369942299326 0.03504518452661443
0 0.7060228327559763 0.9198739091333172 0.0358092231329141 0.059061965427014085
0 0.7081155795624454 0.8831345763086391 0.04185493612938004 0.03301889405762211
0 0.6867230566518734 0.8638348002045361 0.035344168287032005 0.0334839489035042
0 0.740599842067086 0.919545511662414 0.04138988128349808 0.05301625243054829
0 0.7562921601637933 0.8749519301103856 0.04375368076641294 0.04292813961987676
0 0.7603650961545536 0.8371843876973912 0.03426009235419798 0.03968743371723917
0 0.7225433110308598 0.8366755744446059 0.04613240158585086 0.044775566245090485
0 0.800561343124578 0.8402372672141019 0.03934822488204915 0.03561692769495835
0 0.8204632209346443 0.8909996967297229 0.038135904547996945 0.04960534952483826
0 0.7751589132761215 0.9307126499620355 0.04501757153410182 0.042436946414312476
0 0.8574724824132595 0.8815754932659797 0.038538498548557815 0.027146615329801733
0 0.8390034066391574 0.8520960635404785 0.049465406942058504 0.03336719758221705
0 0.2597226915855977 0.9432323451423428 0.04823116540537807 0.03499960675434522
0 0.28405168652459367 0.96179920970105 0.044816569624466424 0.029450888610363535
0 0.07881719429615086 0.6866017428704829 0.03954434821701371 0.043285029805109614
0 0.07320617191400704 0.6467902031114623 0.03152860195680824 0.06198843774558902
0 0.1249812553990746 0.6697686757240513 0.02713338595617625 0.07267609942586309
0 0.15385730903282335 0.6502807230426544 0.03165192113004215 0.07769107913737627
0 0.18098752714428812 0.6465811478456364 0.02425277073600636 0.07111405656490007
0 0.1978411474862586 0.661379448633708 0.024252770736006325 0.06618128963554284
0 0.22476583364233346 0.6704228546708628 0.039462135434857756 0.05467150013370926
0 0.2716271194712271 0.6693951948939136 0.04357277454265549 0.051794052758250754
0 0.28416456875001 0.6449368922025174 0.0275412820222445 0.06864767310022131
0 0.24889919797714982 0.6038528849354798 0.02425277073600636 0.06741448136788193
0 0.27130218111464716 0.5654184092775714 0.050149797115131775 0.04809447756123298
0 0.30398176202163874 0.6225562928759593 0.03987319934563743 0.06946980092178094
0 0.2711598674715061 0.6011809695154113 0.027414845397746947 0.0563157557768281
0 0.144872602778741 0.5890504629570499 0.04323592154198506 0.04388123380380584
0 0.018582546004153978 0.6514188750546488 0.037165092008307955 0.05821013319058387
0 0.011389296285508983 0.587878518768255 0.022778592571017966 0.07619325289428025
0 0.05471373689514078 0.542888363101364 0.03781418716590088 0.06893529219750244
0 0.3477406116147317 0.6973699223102596 0.044117563136276135 0.044974214847659934
0 0.34260070134642767 0.6658879719168976 0.04668751827042808 0.044545888991968215
0 0.33810329298907116 0.6114905882440134 0.033409442998794184 0.06596218177656811
0 0.3638028312031818 0.6127755658110894 0.02826950647567209 0.061678923219648144
0 0.21167023234665522 0.5669738366428265 0.02387258259548741 0.07320925329282808
0 0.2190309453135972 0.5080881329072909 0.03938976128255426 0.048540917944157796
0 0.24568866254522484 0.5277830135485679 0.036206750269822584 0.04655153606120045
0 0.1866040206213934 0.530767086373004 0.03501312114004822 0.04774516519097482
0 0.15250883169039273 0.4985929232010514 0.036515643788130346 0.063421907632016
0 0.4085264698972807 0.6387566622821472 0.03793657841680258 0.05132595903449762
0 0.45271142593567437 0.7028025329034552 0.03436607691875068 0.0553427732198061
0 0.467439744615139 0.692760497440184 0.04150707991485469 0.0629300889031667
0 0.480829125232834 0.6851731817568233 0.03615132766777663 0.05935958740511467
0 0.43463576210178606 0.6360787861586081 0.018745132864773098 0.05935958740511459
0 0.45739770915186767 0.6238051872590543 0.030349262733442118 0.05980590009237119
0 0.4904248480088488 0.6338472227223257 0.04016814185308519 0.057574336656088715
0 0.5013226672294033 0.6923138534734042 0.022802149312241723 0.05845641914592889
0 0.5324165072006422 0.706409727593699 0.0335813471689378 0.03938553063023576
0 0.5268196160058192 0.6628783516339649 0.036483438899586745 0.0534814047505305
0 0.585276035151748 0.7149087105191712 0.04228762236088457 0.0572126655470791
0 0.6378552032073214 0.7252574256849141 0.04206607102941057 0.037326232040181255
0 0.682143073762933 0.7258499055585679 0.03229015311412496 0.04739838989229341
0 0.5599460900186074 0.636651738310579 0.024157299932197843 0.0603932498304944
0 0.5950584445712207 0.6587022683946283 0.04157302779029379 0.034269715193333945
0 0.6057326003552148 0.6429719621300494 0.04157302779029393 0.030898872006299528
0 0.5975865340990086 0.6203596057981665 0.04438201615450275 0.026685389459985914
0 0.7309648200018732 0.7346618557322571 0.03857676701163967 0.0458494362023589
0 0.8206083728526921 0.7482585850888186 0.03446612790384222 0.057865150517459656
0 0.8394224518460738 0.7120533406393699 0.029090676762875772 0.053122105393077705
0 0.8699360421462642 0.7541082951731868 0.04079018806968463 0.03415001603362338
0 0.8798964369074663 0.7251757654834933 0.03288511286238162 0.05533552645112266
0 0.790200756990237 0.7041331984841102 0.039291498071803134 0.03581677599294216
0 0.7899326939249758 0.6689426841833452 0.034760270827657536 0.042457187939495926
0 0.8060713910949595 0.6447346384283693 0.03078766844735384 0.036746572017809384
0 0.6439307257139535 0.6666748904843015 0.04382102985156635 0.0359134755926371
0 0.6749019798947598 0.6618974097861984 0.02866488418861863 0.05732976837723719
0 0.7086738262089375 0.6673338896494607 0.042832585569200214 0.06424895097429699
0 0.6709389338461744 0.6138436738053002 0.0384348579787347 0.04957539652329558
0 0.6394669124577902 0.6047919862378447 0.043448100323787105 0.04261255993294497
0 0.7159188582198388 0.6318077922084046 0.04261255993294512 0.048739856132453525
0 0.7648971344781148 0.6602233016596912 0.04318534951274515 0.024876353405959152
0 0.7710662689838594 0.6220585773538473 0.037802684610625616 0.04467589999437578
0 0.7568512098947399 0.6417409668618589 0.04561315663761434 0.03342882027551198
0 0.35054087386694194 0.5623746075583864 0.036068854366636954 0.04850639035513247
0 0.3834547691031952 0.5550893642316379 0.036608738913186514 0.03434428083608232
0 0.3818311506262754 0.5852862980401113 0.036004546168184465 0.033497900548880466
0 0.41145514430895874 0.5742342696277256 0.038739068661970674 0.034181531172327057
0 0.4248998799034074 0.596224388015256 0.04238509865368556 0.046259005519882594
0 0.49587983625050613 0.572863276329962 0.02344016520281514 0.06477358628564205
0 0.4728870024446912 0.5637377158311561 0.022187637291214344 0.06727864210884363
0 0.4348417738335598 0.5439259313790739 0.030466719950267347 0.054235083032036044
0 0.4502912098367096 0.5187530741152006 0.030682795978283436 0.05920483167640604
0 0.40243413599106737 0.5261875921709518 0.02007152870947209 0.05760528739618494
0 0.4161249907961397 0.492917671517812 0.029565093226137974 0.06578899123293787
0 0.561252144836773 0.5918342659599097 0.043667426813582606 0.02666011321250309
0 0.610233128345686 0.5719299525296127 0.03842822883878306 0.03736077803770563
0 0.634784496770464 0.5778009319355377 0.0341584256344737 0.03415842563447377
0 0.7217750101272494 0.5785505792367747 0.050149797115131775 0.050149797115131775
0 0.7108818164915857 0.5349778046941193 0.03247404895160159 0.05672681968760806
0 0.6725944864125617 0.5569697239208368 0.028480182596814105 0.07358044002957854
0 0.6463447824991622 0.5623135547609738 0.03822894370251859 0.040695327167197065
0 0.6389456321051261 0.531689293407881 0.043161710631875676 0.027130218111464686
0 0.595545391501216 0.518703807678326 0.037527389995109815 0.0653254566581542
0 0.5667048973383075 0.5465018743413705 0.034052631662229375 0.07435982832364367
0 0.4966997029685139 0.5205429133974184 0.037988010261654284 0.058595885109479724
0 0.5341911379326302 0.5467372603425461 0.039974311451806056 0.047919516212413665
0 0.5550290492586432 0.4963747990870047 0.04217362271428932 0.032948142745538575
0 0.5263641650700246 0.47149895131412317 0.03624295702009235 0.041844141286834
0 0.5901188212826418 0.4693573220356631 0.039208289867190944 0.05667080552232633
0 0.5260001828015708 0.5107780231803996 0.04205553300571708 0.04957539652329558
0 0.4608435918408814 0.4620636552493779 0.034926400181966744 0.07606193817406094
0 0.49589934906055916 0.45766551596720434 0.025353979391353577 0.06002166549789848
0 0.5261452287243518 0.4086218648816664 0.031001565891740128 0.06440635394563053
0 0.4922597962380311 0.4079008982330212 0.04734347659436267 0.03412575470253557
0 0.02302923900557038 0.4196686027212735 0.04063983353924181 0.041449490055837215
0 0.15179457951026534 0.4470167805877867 0.03647345560416353 0.05228937883074771
0 0.2024700886240147 0.4341058228517996 0.046156673906153856 0.03485958588716514
0 0.1866541653974305 0.41377106441761996 0.04228338658535773 0.02646746335877353
0 0.13291230382138428 0.41538493413461836 0.03550513377396449 0.02517636758517483
0 0.13839946085917879 0.39166103014109693 0.02904965490597096 0.03389130236425618
0 0.23942770514327769 0.4226473478611111 0.03292294222676705 0.0506755091137493
0 0.26282881603975433 0.4405613017197932 0.02549914152857447 0.05099828305714901
0 0.33234009520512187 0.486412061517175 0.04167610575883174 0.04407473055070696
0 0.3340254033470505 0.4593952641221417 0.0394815789079215 0.04499063642995708
0 0.2788033376911399 0.4215934180221616 0.03467849579983017 0.040302035659262006
0 0.09441643077545278 0.3687239361460404 0.03681959592551664 0.03592250006417011
0 0.012154695706547758 0.3376048326289009 0.024309391413095516 0.02492481904380675
0 0.303071796683261 0.421789980754317 0.03458646917227792 0.05059343011151398
0 0.3099115057580621 0.39686077245481804 0.03920072066751697 0.03715901646608373
0 0.31685330004293505 0.37848543464191947 0.04165076570923653 0.05267596839697582
0 0.37960386484846353 0.3819380930719744 0.035013423352663796 0.03909832274380797
0 0.4162220701047912 0.34736233751121887 0.043475000662890936 0.053979027668690026
0 0.3896702240623544 0.33569119639366435 0.04172432949525771 0.06506661173036701
0 0.35611569334938487 0.34531988781564676 0.02480117487480355 0.06214882645097823
0 0.3318980755304592 0.32883440098710104 0.036472315992358124 0.06185704792303941
0 0.31891393103717963 0.3476541160391578 0.033262752185030636 0.04580922888640188
0 0.276541061921486 0.3506337054942895 0.035335367814978084 0.038607161131179735
0 0.27760584672853383 0.3232997115111822 0.050335281787718 0.05265844863945887
0 0.2107155364902971 0.34799639101819724 0.03430688982619887 0.026283504302329775
0 0.22358062017512167 0.3181161966534434 0.023516819638926663 0.04786364467687413
0 0.20011246440924618 0.2998758399082922 0.04131535827972143 0.06323850659207142
0 0.24106622335393704 0.2661237465703644 0.04060603762251816 0.04651704309921381
0 0.16618112563790838 0.3263839150114306 0.038537877528785035 0.036150575380984123
0 0.16191808608826402 0.2788083936373996 0.040925179676585814 0.05490794939941935
0 0.12547235543388113 0.3018703392194301 0.04073124464375537 0.047693850565764785
0 0.0785817970260141 0.27681488993525927 0.040099353214920794 0.034278479361141964
0 0.08278576147596546 0.24625530220292075 0.02393025917664625 0.03718891628803135
0 0.07211415941070423 0.2182827695167058 0.023930259176646252 0.04462669954563761
0 0.11156674886409408 0.2551483039239717 0.029104369268894103 0.055621683491664305
0 0.10315881996419134 0.22636731653584305 0.029751133030425106 0.04139288073798273
0 0.13485024427920936 0.2514294122951686 0.03621877064573489 0.05141771904171289
0 0.12579555161777567 0.2084196221533584 0.029751133030425106 0.031368042434252494
0 0.147785519509829 0.2074494765110619 0.03298495183807999 0.028780987388128593
0 0.21508546345612448 0.19213362874784906 0.02577370381659506 0.03475544908601453
0 0.182282567689549 0.20150588468115635 0.03280289576657555 0.030069321119360844
0 0.28283906364065825 0.2272795884977513 0.03866055572489256 0.043346683691546234
0 0.3634795157334898 0.25930146293655126 0.04061310904433149 0.04881383298597544
0 0.3978444541556165 0.2585204416087757 0.02655472514437058 0.0753685581303461
0 0.436309754548565 0.28780874140036067 0.043346683691546116 0.041003619708219315
0 0.5332154418435924 0.7348517179450655 0.03841225768716711 0.035441818268560826
0 0.37230890948016393 0.5080498989715122 0.04740286427993624 0.05622200182038959
0 0.3971127338126888 0.46340301517296745 0.02976458919902974 0.04409568770226642
0 0.37754527239480806 0.42123651380767524 0.04244209941343136 0.0380325306432048
0 0.3475507463627151 0.3832039831644691 0.034532924659141935 0.04574927599110106
0 0.30287790503195944 0.18768576609261622 0.03143736582051325 0.03566029555759705
0 0.33797875263293436 0.15451591627740188 0.028874733245017836 0.04331209986752681
0 0.36432694671901317 0.14693629880058473 0.021656049933763414 0.03898088988077413
0 0.31289382812632505 0.10705307350590378 0.03501061405958421 0.030679404072831495
0 0.41395539448388763 0.11048194807874967 0.037898087384086024 0.041868363205275955
0 0.47122975643819287 0.13504898320405842 0.032521726342586064 0.04827967621992157
0 0.4480957449161472 0.1228114263844255 0.018440154111775655 0.03654503269424619
0 0.5334233671242724 0.19573385400826543 0.03688030822355117 0.03889196139938129
0 0.5052602226626512 0.16455322978289927 0.04291526775104127 0.04492692092687127
0 0.5319146272423998 0.1596917346079767 0.038556685870076206 0.03520393057702611
0 0.5600777717040208 0.18131700624814992 0.02782786893231588 0.02078708281691071
0 0.4759954586047426 0.25255826657504604 0.03831720334914422 0.05077029443761589
0 0.4977883680095683 0.22789156691903456 0.039754098474736994 0.03017479763745097
0 0.5329922985865945 0.23962621044470991 0.02777997242812944 0.0613075253586306
0 0.5128757668282938 0.3296716383151985 0.030653762679315265 0.0440647838515158
0 0.5212576550609191 0.30979458907783003 0.030174797637450936 0.052207189563208904
0 0.5526298653030309 0.28802151846172086 0.030653762679315296 0.05935198761374108
0 0.5550609671545768 0.34462810112839676 0.030325005609159624 0.04988038305805752
0 0.581985037555233 0.3483124476042762 0.02692407040065606 0.05781589854456677
0 0.5841106220605486 0.3025415279231609 0.03684346475879255 0.04959697179068232
0 0.6083571558710433 0.3033989317120655 0.035935494595349816 0.05304763487884981
0 0.627351631585729 0.3550775953682354 0.03422428056699992 0.051678663656169806
0 0.6374272255603733 0.41137585241533897 0.044149321931429814 0.05544333451853987
0 0.6652613499513028 0.40327489113753695 0.029486877431284916 0.07119785862811315
0 0.7089356287598853 0.40307732533738855 0.024963030595527017 0.06062450287485142
0 0.6890474999887232 0.37345087144379585 0.024688711577993672 0.05349220841898628
0 0.7582499209704454 0.4930627703245859 0.03338694896608686 0.046741728552521664
0 0.780518675972988 0.5348175632108456 0.031013486819769866 0.04061766338331161
0 0.7934932829234086 0.5196246116416376 0.03398636293431892 0.047262285955537206
0 0.8155313151386298 0.5068797255412666 0.02708288296328565 0.05735198745166246
0 0.3980887059578637 0.4216706999378284 0.027337850851023804 0.047196478356013205
0 0.8533245118557146 0.5460420169302729 0.030839461609824072 0.05190055734336255
0 0.8937542938442036 0.611105759107097 0.048515738386186766 0.0376090995241757
0 0.8787106540345334 0.5379560605325752 0.027454642652648287 0.06055065023392281
0 0.9289188018993079 0.5582649742756302 0.027078551657406535 0.050020102367153714
0 0.9578778085329231 0.5706759771186081 0.036104735543208616 0.06581592416730757
0 0.8381284499249826 0.47861665977342666 0.023474706218896132 0.05570269272280399
0 0.8130622381997208 0.4621047901448812 0.03779825577618851 0.02984072824435927
0 0.7850119536500231 0.4364417638547322 0.03978763765914564 0.03899188490596288
0 0.5940999150529368 0.20275791682356598 0.03026954682437122 0.03939845777140381
0 0.6435882320736493 0.2714649834249165 0.021621125490252947 0.05189065169892208
0 0.6572815881863465 0.24071496760333308 0.036515643788130346 0.04804689972122418
0 0.6351800143145835 0.18930478490162322 0.03171095381600793 0.032671891810432424
0 0.6755394100804117 0.20732237229708225 0.038437519776979345 0.03987892676861609
0 0.6279729793563998 0.23470910513818005 0.0192187598884896 0.03987892676861609
0 0.6832269140358076 0.30629898572280406 0.023062511866187664 0.04564455473516297
0 0.7228656063058176 0.3348868910569324 0.01777735289685296 0.05957815565431794
0 0.7065296604006014 0.3358478290513569 0.02450391885782423 0.0643828456264404
0 0.7471292906650359 0.294287260792498 0.03363282980485693 0.05044924470728542
0 0.7017249704284789 0.2885216328259511 0.031230484818795787 0.04083986476304055
0 0.7470000510169923 0.35899649121361177 0.02393729009525014 0.052851589693346475
0 0.7702829410044552 0.3782505798126593 0.025149719926904054 0.06014063460781358
0 0.7701125418610935 0.2941200609020345 0.01919144555202962 0.03124188810795516
0 0.7993460228763942 0.3322797956624654 0.037490265729546196 0.054003835158036646
0 0.785733485915071 0.35191755390175145 0.0468628321619326 0.08167522176793984
0 0.8378521523569255 0.40763205929305923 0.028702006127297182 0.048793410416405364
0 0.8313144731834856 0.37079781809636114 0.04369083154933051 0.02615071669375972
0 0.8668730696634149 0.40651587016588664 0.036355874427910065 0.042096275653369444
0 0.8745851463217228 0.4675451275951484 0.02429167481980045 0.06398782635459632
0 0.850293483304903 0.4476970518277507 0.025476658173069135 0.06339534648094254
0 0.8975437414258025 0.47954284503663513 0.03643751222970067 0.05598934806027174
0 0.9064309395306076 0.4556955301220749 0.02518039463028089 0.05332318862883021
0 0.9309219713573944 0.5101038058886576 0.02751803821786993 0.05621542093079128
0 0.9887111462787699 0.559402851387489 0.022577707442459623 0.04796218863802108
0 0.1281214938596678 0.9733217454945162 0.0770705130158413 0.03754717300771759
0 0.2895168885532114 0.9888017203310315 0.1021188076750629 0.02239655933793699
0 0.20058095054122801 0.9637702716592196 0.0507216196770921 0.03820589534118625
0 0.3669083397420821 0.9818851358296098 0.048745452676685945 0.03359483900690506
0 0.44596344275203426 0.9930833931619654 0.05798441133265801 0.013833213676067718
0 0.41137209725122126 0.9785915520830314 0.05203906434402951 0.03491222783231127
0 0.9014981996600778 0.8472726457254376 0.03473490046089054 0.028482618377930324
