3 0.4043288773206715 0.7063433977409751 0.09063838659231681 0.03996819584844999
3 0.41947180629074843 0.678354964973478 0.10526406148757315 0.05582204689799907
3 0.3460551095737462 0.6617035123137295 0.06072341928924405 0.04802564127206062
3 0.3744094305979678 0.6260578210667754 0.0892678957199437 0.057427566981582315
3 0.2667028838165221 0.5496113941086762 0.06682644264610893 0.0745771270726277
3 0.2742105881451715 0.5689350883604577 0.12133891561289016 0.10936944753386639
3 0.3134661524908766 0.5159172980628537 0.04219280328810384 0.05935484260292996
3 0.2663458336083965 0.49145098474697874 0.04752816097980213 0.0672587614626545
3 0.3049616404912301 0.47715532537036537 0.06100528239322565 0.031162032760994843
3 0.34613062775166986 0.5390526586399746 0.042280330183500185 0.066252323363372
3 0.3785292209753478 0.5602321762721462 0.08322505367121835 0.05643795222116127
3 0.41657503030033616 0.5748149044486291 0.07421275499103198 0.08111801393829568
3 0.45784390370719114 0.591431909070234 0.04585611765108849 0.0921295869766854
3 0.5455484539337713 0.5758353204258121 0.11733868515225045 0.042999228443857083
3 0.4117779973719395 0.5103747190146781 0.11211796712281938 0.038852895704454514
3 0.36712773184497466 0.4453583285607086 0.06316240487391313 0.05151161461347093
3 0.3676692096719342 0.4037812579334979 0.12391300392635937 0.09670817929489266
3 0.4012713121172744 0.435021119629178 0.05391971659589891 0.11069275999363383
3 0.45080479868504164 0.47777504737724025 0.10895692219481043 0.04661063626958804
3 0.4965577641999165 0.4854532949438531 0.11456961709878297 0.043898018658241715
3 0.5594364885121834 0.5398956199018324 0.07262806039649901 0.05746395760311799
3 0.5547082983182917 0.5111003547607272 0.10025999144485294 0.05643824562904601
3 0.6068091768347177 0.4945479208998487 0.054811145723690814 0.07905118786893142
3 0.5661736178423468 0.43165229056560633 0.11395158666827478 0.041002217943980096
3 0.5126169933244871 0.38492856528096586 0.06122510391563132 0.03097208085514679
