6 0.13264902422760894 0.5834653237373114 0.22574524051602338 0.2958314175123117
6 0.36170700069125544 0.6597950540713391 0.08186326663890514 0.13461086838991743
6 0.4821548378899854 0.5784396440527668 0.1495077017901263 0.32049621025524805
6 0.6658047475236798 0.5593055444272851 0.18875493051094683 0.3637029264347385
6 0.1596509165991596 0.20856111526411159 0.1685284675917459 0.3397754194355652
6 0.22807522003391476 0.057826023766752034 0.11561270757180385 0.11565204753350407
6 0.3961757268157933 0.23663485489839275 0.22062915044511008 0.3927544942522427
6 0.5674354845893634 0.1859444161300252 0.2025168800957265 0.3718888322600504
6 0.7211467994563052 0.24797465592872173 0.12658256917135507 0.23036661698001024
6 0.8268457577517104 0.12250182903092202 0.1326977403270583 0.22642852966796503
6 0.9811854048387074 0.13942732361727117 0.037629190322584036 0.20363322809614864
