3 0.06462724748191617 0.6760611234105692 0.12925449496383234 0.14634763047618804
3 0.036476728640099966 0.7614901675789725 0.07295345728019993 0.1488607404932041
3 0.24340589865178344 0.5538610785043133 0.14732006757662175 0.3115239307756439
3 0.3172359171334526 0.5554793050535867 0.09227740496557622 0.41039161682058944
3 0.3752383196908457 0.5925606876068379 0.10754133661401742 0.44643959210577827
3 0.41686722418659483 0.5993463307800109 0.09366503511543463 0.39988023862493344
3 0.44676961236975615 0.563209701380612 0.12868165232275935 0.4548064102298122
3 0.47526332632646456 0.5247975564912695 0.17114105181585604 0.4589272125261943
3 0.5168922308222128 0.5155466888255475 0.17576648564871683 0.4404254771947505
3 0.5411757584447318 0.49205509190457053 0.16420290106656416 0.4127823820355211
3 0.5764446914202963 0.47589065529984337 0.18154827793979245 0.42289762452658985
3 0.6174954166869393 0.4843985581463649 0.19195550406373016 0.4220708372485635
3 0.6510298119751801 0.48003330843567715 0.20120637172945183 0.4007360167563403
3 0.6596316836899979 0.4226533609742135 0.23719511737770632 0.3605438782784168
3 0.6925878997491312 0.4049581894833574 0.21059887283875633 0.3473671660150883
3 0.7103842578086962 0.363893028815905 0.1768100814649694 0.3070218180203309
3 0.7368581480013685 0.3787230637226007 0.24609817288674704 0.406971686680418
3 0.8224931987112606 0.4261232954653776 0.19903993415798713 0.27769832738193156
3 0.9350040203698725 0.4091396408469576 0.09782900026802438 0.3202894666309294
3 0.9785064841350011 0.307290270704905 0.0429870317299949 0.47038327526132406
