6 0.27683173205303296 0.859436162974381 0.18279784062110851 0.2304081691161651
6 0.5092023424004423 0.9105046120228966 0.18523200863116332 0.1789907759542067
6 0.36137659598216815 0.9323383478886013 0.17145531136014058 0.08181529084651673
6 0.2117137575540365 0.7681081672992256 0.13729017083065098 0.14288720185214565
6 0.29370096532776907 0.66150273268186 0.1082763737429027 0.15612384159179107
6 0.388838986714087 0.7412604027722927 0.08440474101705853 0.2131532836804375
6 0.5016369440792802 0.7205212252044588 0.15946351964093444 0.24862819099630465
6 0.6983878913800662 0.8887423369806222 0.16124371764636364 0.1317992878555431
6 0.6471951871877942 0.7257458647626273 0.13874564070990253 0.16897312242879672
6 0.7398268065584407 0.7160034853552736 0.1217490028593076 0.17420223273210703
6 0.5657929560682058 0.6278066669122375 0.1831909674938158 0.1447799668166626
6 0.46255904789000063 0.47956628744747554 0.14631103692185093 0.22502078143743437
6 0.356309361654822 0.5057308013825715 0.13067564053107847 0.21734819576880673
6 0.25124195229208063 0.5851019657812034 0.12690481337696968 0.19334294105293406
6 0.314736160258886 0.2981099714274618 0.1209967226341929 0.19111846422811
6 0.4316569076120394 0.2680526278462095 0.12699456869347342 0.208365861666571
6 0.5410567338387783 0.3034670494846037 0.09434981763203973 0.21013389229725532
6 0.5975192997170888 0.40762575040418214 0.12128157331778164 0.17673694074444607
6 0.6934692670556711 0.41740676669245036 0.11142542420456011 0.21302905600733188
6 0.5928099108706395 0.5367819545884633 0.08529461544370409 0.0841708746833905
6 0.6493262756576121 0.5534317515097599 0.24452070463995448 0.1453319721184982
6 0.6382811890843364 0.23812911404874743 0.18609394520979103 0.1591288387752961
6 0.7597529725912691 0.21766387704665074 0.16131152481569017 0.17598694518692237
6 0.8072819127514681 0.3177729131763313 0.15103065182784178 0.20285594385791306
6 0.5186329579949472 0.11393106411724183 0.12393088901389843 0.18662756542393544
6 0.41919547311558575 0.12365641315916454 0.13144615099498747 0.18274510782819303
6 0.31459650614675416 0.15162614377318448 0.13312427524372245 0.17302425495156915
6 0.31378506279770507 0.06482996041318755 0.148549745686943 0.1296599208263751
6 0.6552043222206076 0.09688337734205588 0.1238024062575012 0.186053001298527
6 0.7747161672734731 0.06829626960181867 0.15895952116331236 0.13659253920363734
6 0.410605334217301 0.865374308368109 0.10902738339153163 0.1355416071937679
6 0.6131449871364133 0.9497520268934312 0.11572378344394117 0.10049594621313739
6 0.7073173814627927 0.9761062381091656 0.09769895788336438 0.047787523781668666
6 0.7287678143283925 0.13764445767221034 0.05688324584973677 0.08527409238533679
