3 0.14677722934741674 0.5502436878840389 0.2638438019223726 0.29034217195116835
3 0.3260896550563846 0.782834807766729 0.11684528630394408 0.28148331500545926
3 0.40111844512517963 0.81763878960178 0.1464536669655514 0.23859583112899047
3 0.29933739908971935 0.5570828498254041 0.15677427876316688 0.2575575150783923
3 0.43088690644777317 0.702512870200524 0.22075942298639975 0.13298071225847102
3 0.700001401619714 0.6141174160976584 0.0761688012866581 0.2072784020129789
3 0.6358460855694684 0.6084182142830185 0.14757452074554037 0.26050778102073624
3 0.5950667976509689 0.6114337700956817 0.12177852374960177 0.20642410996293678
3 0.45713984415971515 0.5658754242186952 0.1812654661610742 0.10006459679221567
3 0.4943665342971211 0.5161749976451521 0.16280756626636333 0.11809430712397796
3 0.31815404656181895 0.28460578869352066 0.12303112370753305 0.30242290207503253
3 0.39576407468666164 0.28106283282934114 0.07582306799708341 0.2959843070953889
3 0.2078040627656204 0.0672658566992623 0.203517768827619 0.13453171339852457
3 0.5760755132617041 0.10648552163208805 0.1927912907972288 0.14946669725470021
3 0.6058197173610587 0.0349186847465785 0.09406682933696786 0.06983736949315698
3 0.8381247606270703 0.6258711251047653 0.18263233296597048 0.1958683706277567
3 0.8325114284162879 0.46244788505636497 0.17356443889873666 0.15692016284883692
3 0.9477238793937005 0.33498566559292436 0.10455224121259928 0.15786917257267508
3 0.6733796618933924 0.3570056544650712 0.0780035450007064 0.18863708542899085
3 0.5462939664715177 0.2738112555121485 0.13685441668608173 0.1819190999424608
3 0.479443358124765 0.23027552875775306 0.12785273975137776 0.18189193622788116
3 0.5094312499993932 0.3732736776874431 0.1680831759037095 0.09914488281221079
3 0.6247955329096868 0.40328076947032604 0.05780716629699297 0.16342477651476428
3 0.4958673624414475 0.43358098382638166 0.17784057372970224 0.11554017575758041
