4 0.15069004889244347 0.12575452289943756 0.30138009778488695 0.23705543867886175
4 0.4847089755234887 0.12440033855902649 0.3318422786679706 0.23864713112760746
4 0.830417865850422 0.12312432425503265 0.33916426829915025 0.2457943213532265
4 0.28608456464224086 0.3832582464161415 0.35165635319062505 0.23493769648339766
4 0.7189224089644543 0.38354173640346145 0.3698170809043138 0.23806038811249297
4 0.17173033400876117 0.6443015966400495 0.338768523865207 0.23977134259997457
4 0.510525285822972 0.6421801972543629 0.32678668099191505 0.2381126645395684
4 0.8375099845257564 0.6430557136845768 0.32143318204318516 0.2367057263505023
4 0.15808181402578245 0.8928366621304613 0.31297045955347036 0.21047244415568594
4 0.5118680948435333 0.8908747725587617 0.3015761017059215 0.2150785654355083
4 0.8382631955007751 0.885226328532628 0.3234736089984353 0.22485601523028081
