3 0.6400419776911935 0.13866685510734006 0.34146360883145854 0.27733371021468
3 0.639506834628786 0.3996350741191266 0.35255551203018376 0.16184565903140008
3 0.5951796796074471 0.306341875760262 0.35461724017071083 0.12782714471269818
3 0.42213883677298314 0.16215491825247916 0.36719378182792817 0.23586169927633327
3 0.39659323213948694 0.09782900026802448 0.38310873712807647 0.19565800053604895
3 0.23364930638707493 0.2109861562885086 0.40378152659867156 0.20520538777141428
3 0.48621330952903746 0.6126813264406953 0.18679816268546726 0.2343538170995373
3 0.7095008721612066 0.5303788084081763 0.27707675811439725 0.22094464950836493
3 0.3929408014413056 0.7453099649664794 0.36153195916509484 0.20649000299743367
3 0.2178760675410917 0.6517935516755533 0.26147102193836474 0.16782702098328584
3 0.09996718871270756 0.4205957956252644 0.19993437742541512 0.14844369715634076
3 0.40619686315407916 0.42289380189509407 0.33488301857627756 0.37143235756581283
3 0.10401180577252143 0.832393851898528 0.20802361154504287 0.12899642703545527
3 0.3055533779798306 0.8444267528655937 0.33691765151543096 0.13034879579179295
3 0.8881908969944712 0.39251372717270555 0.2236182060110451 0.2242328768949992
3 0.922624443860434 0.3142818664707191 0.15475111227913205 0.12792481406451509
3 0.8646665093492619 0.22491277568523835 0.22606702301870704 0.12141552698785407
3 0.735086154364587 0.10062714580282357 0.39129726341036 0.20125429160564706
3 0.2263210773848487 0.5451429400728258 0.34689551553921455 0.2172080001513203
3 0.19357371063547366 0.08387763785743944 0.16781077803031103 0.16775527571487886
3 0.1349274799986339 0.34835987198032115 0.2698549599972671 0.23299052064366987
3 0.03350308228357009 0.15277405521307957 0.008040739748056823 0.005360493165371203
