3 0.28158639860541385 0.8625436370579186 0.10695923062285727 0.2724728109249561
3 0.4018092579049356 0.7749165840304525 0.17931444985495026 0.2696419972676672
3 0.6318268250722666 0.8640509473085856 0.2948748515656115 0.1342111438783641
3 0.6967116359059088 0.805406543322394 0.2645481325665142 0.18052956507666107
3 0.6373417404296501 0.7178518420843567 0.2154500313819508 0.1873171509416159
3 0.5724121075346759 0.6814072438456509 0.17707339951118922 0.20857798224454324
3 0.5185087591360606 0.6246781441202959 0.18528333719887358 0.17324029951363
3 0.5035915190509354 0.5621967946181826 0.1732176175464837 0.15336709458971257
3 0.15066021916180183 0.6047714002441879 0.3013204383236034 0.17995472383852584
3 0.19990794845794418 0.5337551006284247 0.28768009301849484 0.20714293808356574
3 0.2111166814317654 0.4346502942661313 0.2519109772220144 0.11292877460662858
3 0.6442571758254418 0.5032634538791563 0.13332807451338938 0.2290765551185244
3 0.6851691619486654 0.47311512901153213 0.15082612877537632 0.2514242202687774
3 0.7211869247950088 0.4042837888781733 0.16954307441544883 0.14182278617613775
3 0.3014637075868008 0.3563367406873936 0.2511328158726501 0.11352672071327126
3 0.4205523524472038 0.5099859338135758 0.21157523934253894 0.15754660707759133
3 0.3767112072196915 0.4642931100561092 0.1961143129586862 0.14782181494608962
3 0.1755768827067481 0.2481584233845799 0.25968845324471146 0.16804385703099148
3 0.08804132931410825 0.17102155941796066 0.1760826586282165 0.08287610616536696
3 0.8365074862343801 0.26204638227365595 0.2579200456999711 0.17806701761743846
3 0.6635064175003907 0.198415711779924 0.2394906038666576 0.17799766993290084
3 0.6554246644280266 0.024488453154147164 0.2343054862081399 0.04897690630829433
3 0.46453906895529057 0.2962703337937859 0.16255933415696724 0.16890311305089775
3 0.48582164657483295 0.37873945941488324 0.15805685228146765 0.1641452788804507
