3 0.12798761396039496 0.4928710397026412 0.09708351656972994 0.09588438221506371
3 0.13764066304558778 0.5292227639531986 0.131548706678116 0.2631845241777863
3 0.22939133221592783 0.5211680836953861 0.059508243830762184 0.2120218737038208
3 0.30618074816196766 0.585061367088918 0.2018444257285552 0.17348781651538692
3 0.36829742775614244 0.4690138025547992 0.2516180268470628 0.10586587949778302
3 0.45712632394507674 0.5419384047447499 0.15276379747550903 0.20629394562952888
3 0.3961095968726426 0.3530403239972607 0.2710361327030962 0.2498986615899753
3 0.3625346593881796 0.7326499484652428 0.1116276862830101 0.22064514071977162
3 0.4788879888395542 0.8067022724966413 0.20827274114390973 0.17849739617139604
3 0.4052229661755402 0.761105577444671 0.349881909235667 0.29215031424473675
3 0.653217326763293 0.6443720864781352 0.21957404696616695 0.1998235445045057
3 0.736199899630595 0.544145527405968 0.2453258008334913 0.26772325488203075
3 0.6872432228724515 0.43580889322399985 0.3206134894329235 0.19223393406413647
3 0.6554612353044351 0.327973366105631 0.23495440925387412 0.08967576516451536
3 0.8685064516070653 0.32810558652887095 0.21673747964787224 0.08771194191028264
3 0.6894006556295486 0.7269756509906605 0.1133950477290064 0.12164196029111608
