3 0.17110319263993395 0.7532581967870147 0.3422063852798679 0.23143425009831706
3 0.32423215528524163 0.7569897292666458 0.3963504539863244 0.3042717740974276
3 0.4240793763959704 0.7527076413383044 0.45060634425344737 0.3352433322325161
3 0.42722153703555366 0.6587798872929858 0.34224394815043996 0.3239221089595609
3 0.4858711160350411 0.6547060062301462 0.3277706393825015 0.3292302401225172
3 0.5392946229861755 0.6571004389104026 0.33392174216531545 0.34485649053572887
3 0.5807124211653855 0.6311616188700044 0.2991713489475371 0.3268747538225822
3 0.6568624845412372 0.5816697034780831 0.3062558416563393 0.36558678701362834
3 0.6562292486633177 0.5814586735206668 0.29503053333232165 0.3653416947953156
3 0.6885954675099019 0.5381589541506693 0.27262315105391755 0.34606957074424244
3 0.7202372613809169 0.5013106248156747 0.21431898159597715 0.343691369783211
3 0.7830068380032774 0.5045408159599494 0.215344992500634 0.36881343242632947
3 0.8541913550968132 0.5137936010929516 0.14814441164965622 0.369903185439231
3 0.03765149317298951 0.7840795846849622 0.07530298634597901 0.2985661488787054
3 0.9362093979138577 0.4937779859895455 0.1275812041722835 0.29137364220813244
