6 0.12837751705767997 0.5220045550990231 0.25675503411535994 0.4340245059601919
6 0.3142064827454503 0.7167400987946781 0.17018736652092706 0.24530813547992042
6 0.5121774143107446 0.7992902399082734 0.21234646259264925 0.27516952039335096
6 0.6209498695894924 0.7288674518586149 0.17133395167435314 0.17628941532007952
6 0.8656252891159198 0.8979346169608327 0.22622369006795787 0.20413076607832978
6 0.20720620215710756 0.24309607658453175 0.1238571587955136 0.19318925450104663
6 0.41717920868107183 0.2215074123915524 0.12473018465858587 0.2182528816817953
6 0.660611836269403 0.5125975122802523 0.2565415514725695 0.3312589022141648
6 0.8293575895933624 0.42541270339263965 0.07539370146880171 0.12054226758358726
6 0.919378662548421 0.4091453128945614 0.10684744836086026 0.15354845394738195
6 0.6986070748836607 0.23274605898212464 0.11437563729067989 0.16612954691463813
