0 0.04373504839529043 0.9798235478018092 0.04194475546924458 0.0403529043963792
0 0.37110475173945057 0.847944893510578 0.09197216685103324 0.1538173759378853
0 0.17992582657966763 0.6907711801948022 0.10574111552485074 0.08340896569970513
0 0.23163030951458277 0.5954731421423191 0.12044186670301324 0.13224527453187926
0 0.27421709727918153 0.46250056141840623 0.06966051125879183 0.1525526883277311
0 0.364561348253984 0.44173751020329016 0.1193665989469996 0.12085653525622275
0 0.4874508383074325 0.48069915912048716 0.11052690538547655 0.09705467834183303
0 0.5548311582940956 0.5581011151047504 0.1075071927622371 0.1523683158721454
0 0.7742045635623854 0.879547150419387 0.09537704762213178 0.18210322226574707
0 0.8950684600685935 0.7530585070927767 0.08856991747465497 0.17202479501001147
0 0.6900891294901867 0.5729855156254153 0.060858303230083975 0.17776048633200237
0 0.677198207702809 0.4401948439880989 0.08614781859411938 0.12765810831723073
0 0.7600640144108614 0.47157016905153376 0.06505410471243477 0.16990627525577456
0 0.7277427479971841 0.4532495393853732 0.06541815404320804 0.18468944318958802
0 0.7865860642799204 0.333508618017118 0.09733520432713019 0.1116575581605747
0 0.570546536523675 0.2129646185458239 0.10425478589974581 0.12942336121597273
0 0.021168696084344355 0.15058480098721028 0.04233739216868852 0.07727272335630918
