0 0.12524476436008436 0.9838001852391747 0.08017346041664122 0.032399629521643845
0 0.3315851672792622 0.8314759889515585 0.18173291083585646 0.10398874466462471
0 0.2921742793883741 0.6991419991041492 0.09211770623498379 0.12184787651641525
0 0.3628785268246435 0.6907995712110039 0.11404969275667214 0.12539036004772017
0 0.12313766805814662 0.6877176804782803 0.14260848922254912 0.11573955148710374
0 0.1370988513599958 0.6121351318995287 0.18937079442936425 0.10224474858182445
0 0.5352676348342861 0.6877464885619805 0.12885522006563926 0.12495707846596883
0 0.8246196971123054 0.708709716299819 0.1644456976431778 0.10075722445193838
0 0.846955822419512 0.9394847536557598 0.0895551246410438 0.12103049268848108
0 0.9051819216909294 0.8504300613647112 0.1585685335787074 0.06670739109330896
0 0.9577106180136516 0.476279175460885 0.08457876397268116 0.06057228820400045
0 0.6255806256974799 0.5551746912643878 0.191273634486269 0.07635050581763499
0 0.8712545676713441 0.39170738980698316 0.15183546477878476 0.12699270707774984
0 0.8879089899975005 0.37394772988302094 0.18432387670595055 0.09181008144153453
0 0.2218581631146547 0.4475350711766834 0.14806363217255802 0.09367641413034879
0 0.06049013523610945 0.388226088448708 0.08722125702101445 0.11492168230988323
0 0.3792456949271994 0.3347830731483656 0.12599852506495182 0.11485891045982795
0 0.24227792910755538 0.2604595545136336 0.14575415618642348 0.13120823545760982
0 0.3412035009775613 0.16040930026920883 0.09608376043924143 0.12218919990069345
0 0.4578854341836913 0.22875593619100085 0.13480870502375547 0.1321131094127449
0 0.6333913626987817 0.16865841474070145 0.17203082836767394 0.11135198077229892
0 0.7738294216351084 0.1437868534004905 0.11320706074131975 0.11700492240177462
0 0.9212538515200225 0.08182177179193063 0.15749229695995495 0.11859673276849071
