3 0.09417806805122045 0.8623124129648005 0.1883561361024409 0.11755379210753922
3 0.29177842200249815 0.8188587570214655 0.19184030407147595 0.08218109875208032
3 0.041145733024696964 0.6939204922809188 0.08229146604939393 0.11257929730368478
3 0.07029062725052394 0.5886125696588601 0.1405812545010479 0.17258349129803563
3 0.25624530041202825 0.5668390180714235 0.20164519102996897 0.14770503453160783
3 0.345431082345054 0.6444733183398772 0.18156587476024902 0.13641990099307602
3 0.6838867235754489 0.7445833496292071 0.19173544743022913 0.1227526269053848
3 0.7952536822281593 0.86912227417186 0.0902768534905484 0.26175545165628034
3 0.723832654213242 0.8882793439117439 0.12820256627458845 0.2234413121765063
3 0.36063637214235833 0.4731553169843836 0.10124910165551397 0.1762014354714666
3 0.9354595571848973 0.5710798278144463 0.1290808856301952 0.09388980448783038
3 0.5135912802717659 0.625739248484233 0.07784267148691261 0.18159067083875813
3 0.6299698310865325 0.6222468010324813 0.16531274958948983 0.1151196565943785
3 0.40320768466722356 0.41581089073501554 0.06368102788410794 0.24823431386660755
3 0.4379089008715084 0.4020841297592459 0.053771824665466914 0.23885781892399155
3 0.6983115303185908 0.5869186305322098 0.17502819524847082 0.12509129998369994
3 0.7348377528913437 0.492353003770363 0.17183977048410173 0.2366194887413185
3 0.7896593708407328 0.45295374232296753 0.1799159644438155 0.2180565221330275
3 0.7681652251994407 0.16505479779768048 0.08898318008074785 0.330109595595361
3 0.6079453607427887 0.514333696083974 0.15041868522442356 0.10230661865923216
3 0.5859137664092107 0.46705929883874264 0.15920420334620747 0.10203941982441223
3 0.5470525844574131 0.4005047377385975 0.1336855736909419 0.10538816276002842
3 0.5478606291045426 0.33876727586597766 0.13986672291258306 0.11051021311002163
3 0.532361740258394 0.28334372751756987 0.15470943056306383 0.1377260324016415
3 0.4991925511993713 0.23795539556702805 0.17231018745064675 0.1194262327146318
3 0.6529188345589751 0.24478368384894977 0.08924276053646903 0.2645712003914428
3 0.4884593593317975 0.14151598910764324 0.15767642713430718 0.19368832686052198
3 0.535468034095232 0.11744234655789355 0.17574070577162182 0.1816235861999839
