6 0.0199679720640578 0.8854971081775225 0.0399359441281156 0.09559743018201167
6 0.1508605815502515 0.8649459746649053 0.09219773045568141 0.08813480836705127
6 0.1611414020716786 0.7455016525921195 0.20006681180477964 0.21017258023488472
6 0.37128477092283196 0.8456475202487984 0.09802909912182844 0.15263638888618733
6 0.41933969598963683 0.6942324846943915 0.14486087119356686 0.17146332892849778
6 0.5102489055036109 0.8942828606693165 0.14294463285027653 0.145186113471212
6 0.6523145201138809 0.7518965284429641 0.13346841152298874 0.2266152565737836
6 0.6982479123294908 0.9312562721233918 0.10507862363176367 0.09069371662467346
6 0.7099264252044886 0.9878549362960798 0.09283287755232028 0.02429012740783796
6 0.8372184172155539 0.6702076913310115 0.10319697585699736 0.15378807379542858
6 0.10859110793125439 0.5858465607831321 0.1833070958671235 0.198633524302115
6 0.2881941424292242 0.5680038270317 0.2568377683566893 0.22364500221990208
6 0.29930763979142205 0.41098706931327117 0.11777904264904615 0.13254561166958645
6 0.17455907879387408 0.35345093733521366 0.11373908382194452 0.1045085405437568
6 0.5245027639605913 0.4515177248646114 0.08730981051330153 0.14133649442296176
6 0.862560933330425 0.46860881491918177 0.10138259444751814 0.11521277534128277
6 0.7673483516104899 0.3140853781517488 0.2792189397263199 0.2732598597290291
6 0.5525060450376292 0.18378433404751912 0.27345688615477004 0.36756866809503824
6 0.28374397629905834 0.20024440846169278 0.115695890691395 0.06712855674442056
6 0.28063434042792107 0.13989746034081654 0.10617423094675443 0.07240032026677617
