6 0.23317478715582754 0.6885048324674986 0.11395235784480194 0.08108091729200784
6 0.4088319660068885 0.7900843736007013 0.09085856992544167 0.09435416723201423
6 0.17412993076176242 0.6786563016393887 0.03965633516443389 0.060209514964760666
6 0.18974443391988757 0.6535390641185717 0.04760977332371883 0.041266700552191574
6 0.11076067613323674 0.5561085199983 0.047740925092441024 0.03703038648068946
6 0.29004448549958817 0.5836505613429163 0.08343753982588073 0.08514248497607493
6 0.2462774975117209 0.5532627755500853 0.042707530794730705 0.03794116066030046
6 0.34393474852118866 0.5442786075803537 0.04159850654937976 0.04160348024353727
6 0.37977011054059573 0.48127114710061436 0.09760308446421102 0.13921565752190795
6 0.3251048593954958 0.4587949169261774 0.06535425576259318 0.05519108542256054
6 0.5457429389159763 0.4789744027570462 0.041777071462450695 0.03913613248550329
6 0.5035442393216729 0.42608488289453506 0.04253691688707769 0.03988128878211193
6 0.5645249229526538 0.41340573829144345 0.09478397001623273 0.08614176168625896
6 0.5884003800799824 0.4362335188169018 0.03441692416985589 0.04080855354788895
6 0.615110416320663 0.4951938419604772 0.04278573152732351 0.033259357937068953
6 0.6587006038977402 0.5658311445571761 0.08397414431091174 0.10402710478716946
6 0.6597815000922701 0.5154226378273336 0.04398509944081913 0.03815816674641364
6 0.713541459481016 0.5411110713142385 0.06290540941002817 0.09070425545990664
6 0.7560696360215742 0.5147467254329292 0.0700845240482201 0.053448482700101455
6 0.802077249392317 0.4913369557653235 0.03866076177920401 0.05949292219253043
6 0.7833452458511377 0.4705074965264401 0.04448071209600675 0.03776806407727417
6 0.7692384542480184 0.43384046480053173 0.027234072732192086 0.05692488179111273
6 0.7422332062032128 0.45420485077672323 0.0704506466742493 0.13468024958935035
6 0.681424926873748 0.444212422521069 0.11046334474754164 0.1152679845224978
6 0.6456869750307412 0.43271345514881104 0.0749192686068916 0.06067606398394149
6 0.8264742218309865 0.4292765508097809 0.07558681855364414 0.06689937390714737
6 0.8766960383626787 0.48764605575439374 0.12151883122570883 0.15894220974825451
6 0.5016290149079939 0.3241150908844643 0.05081950137739409 0.037522653191271974
6 0.2234778706259953 0.27355621377351125 0.03900315868216205 0.058709442335049274
6 0.25801612928015183 0.29984401657605825 0.04575345967578555 0.04547628166673267
