6 0.20031941071803416 0.7934245411824495 0.12842593113169837 0.14040219965667883
6 0.29749288104179356 0.7813741871836696 0.07969781947530324 0.1019818212253191
6 0.11684449202780503 0.6754186019508895 0.1578624396982201 0.16606682381270474
6 0.2391463707348933 0.595327731113378 0.13943855569222446 0.1585983161474086
6 0.39477895910053884 0.6275642862226652 0.30586803350751796 0.3663290577858456
6 0.6052267825893984 0.6000567249179286 0.21069849257133608 0.2563684585565916
6 0.29246192781121394 0.40928417655436805 0.19905528054700794 0.1953614452999314
6 0.4751508416241378 0.3911863699135569 0.18471339537561973 0.20136169074387333
6 0.6145020651206626 0.3620387875427788 0.08728207144989622 0.08853570963404232
6 0.864748209861278 0.36635216601611065 0.23204963350217592 0.2168549550823094
6 0.8232092573943846 0.6137324974705773 0.19514501776515336 0.21770071002050995
6 0.7642151448701909 0.7523346700171735 0.16704947721546268 0.19586224790550927
6 0.8200523678947692 0.9232006267653547 0.16803084345298216 0.1412283776261262
