3 0.42755783957617843 0.7185443653566866 0.06792082080521906 0.19409905388012877
3 0.5045818182020035 0.5835287107652063 0.061013198708728344 0.17882107062372096
3 0.5534400392743213 0.547734674871775 0.059645088098829895 0.27682623736256107
3 0.4279395826709082 0.5176053903842215 0.15345027642774953 0.13278445087994603
3 0.5557082571605327 0.3989077840921971 0.12914974897852133 0.20699103688314982
3 0.6052524462012149 0.41985430999555345 0.0592719009755433 0.12172459511472807
3 0.49772048521702084 0.28759705310302114 0.05536826996634722 0.10141824560318208
3 0.5908560635860567 0.23416081632218252 0.15996811952323212 0.1811630508199852
3 0.6731219523894996 0.285965397857326 0.07277209437828568 0.20947098636787043
3 0.7159477528610471 0.232608917404975 0.06248305712599137 0.30553621777467277
3 0.7826159144203767 0.1478634662710701 0.07770213777885257 0.2957269325421402
3 0.6669550638294593 0.07426316993972545 0.16094662640831647 0.1485263398794509
3 0.46810945803222564 0.42443750800369934 0.08445268480157912 0.18759556828536308
3 0.17712195809047437 0.5166713864244775 0.26490621192532177 0.6415425056691852
3 0.9538327526132376 0.18624166488685825 0.09233449477351849 0.3724833297737165
3 0.8810910119101588 0.23384525854956162 0.11751948630605552 0.29905353122984923
