3 0.13347598913639866 0.6971406494809813 0.0963990594901309 0.3205085641037764
3 0.22737314432546016 0.5891804163080281 0.15115463167956147 0.17531921985300103
3 0.13843415991253014 0.4535750642161968 0.15018621950358213 0.14847854313156944
3 0.09041805918270797 0.324028178826276 0.18083611836541588 0.1501289891008055
3 0.21097676205128868 0.2954090029748999 0.12133144686523119 0.137050747448476
3 0.10455966568528272 0.19022010863469124 0.12275351664143652 0.28222196224849044
3 0.04214304758529512 0.19073496685264124 0.08428609517059023 0.16176182664438687
3 0.2758597036556541 0.42579441672893753 0.20339489348961173 0.16277369712308748
3 0.35257535911014953 0.6073182604972849 0.09002871258358393 0.1896507988630142
3 0.5024805415166242 0.6355359001861832 0.16303709379266665 0.1489225461883172
3 0.4179766827194263 0.42873989340032465 0.052129930470447346 0.36291780618715186
3 0.36293518134127334 0.3133731421763315 0.08094509207506743 0.3781829278159739
3 0.2425415171036719 0.24295857215725228 0.16786158984626276 0.25551786320976894
3 0.3219703219642865 0.21849391488392356 0.08959075432233163 0.3516537647289529
3 0.4080781730214108 0.23353622558023607 0.15029718988371582 0.3110141017446945
3 0.18575500835289374 0.11787041323775664 0.1846374069638822 0.23574082647551328
3 0.3638235392836642 0.06497287865247317 0.15250194637796638 0.12994575730494634
3 0.5157165824056211 0.5686488022541963 0.15991050000189977 0.2247197225224754
3 0.5216368380986174 0.49486579159592914 0.16607884942650672 0.19819748845612847
3 0.6123492266633217 0.4426901897377832 0.07652249306061323 0.32662321654358695
3 0.5036129873239849 0.31255700940859227 0.13231328344917206 0.32804602237898345
3 0.5283804577928033 0.17140870368344102 0.08084910203240893 0.342817407366882
3 0.5719914620231831 0.12837638179458627 0.06386788065850615 0.2567527635891724
3 0.6547812937311238 0.32491292418655 0.13762305636357638 0.3750821068488113
3 0.6873023491410933 0.3080616440808457 0.12942365524140825 0.33796147063622384
3 0.6539275864512009 0.10213482747586816 0.12567630942599303 0.20417846527454794
3 0.7296950259883578 0.15673155166266084 0.15058704358227437 0.3134631033253214
3 0.7518050697241577 0.485971588012131 0.06847228398813508 0.3770885896567151
3 0.7961206644757977 0.5078360720091871 0.07748945576799689 0.42194215650682776
3 0.7285031644312069 0.7153297943258997 0.20922699828466526 0.1583030878259459
3 0.6234098027061257 0.7087635616653217 0.07950083927220916 0.22287512959047512
3 0.8462207891949691 0.4864687923373184 0.06826121670761712 0.4243671244337774
3 0.8981155383956814 0.5799084276323425 0.06880528477278562 0.41493801415460996
3 0.8894894277945004 0.34831887296282504 0.1806694455115531 0.31459310034974725
3 0.6734052769786274 0.45804452208545604 0.1236379984135117 0.3017330218587946
3 0.5190731389940431 0.2501264743995532 0.12189252078884888 0.3482274782640872
