6 0.2688174012966876 0.4608253762545704 0.24503395287948584 0.2660828762428384
6 0.24866583439573703 0.2584744927484401 0.1391538202792322 0.17990397233521588
6 0.45562744286921913 0.6220152241120366 0.12624234519274496 0.2707571565614249
6 0.5653848284683134 0.48496659602654574 0.20335911633505174 0.1995851555063265
6 0.7416418552971008 0.4468282258867113 0.15434695142670274 0.2560257897525174
6 0.634493901674372 0.4376989610347303 0.15738026160110982 0.1489068370383667
6 0.7001712117719535 0.6407536689240989 0.15873896416297884 0.2424103456225094
6 0.6517973445214283 0.7742821611459922 0.1306051469209801 0.2247200522296947
6 0.5548942624704506 0.7740496628936697 0.13379724759569214 0.26299229419018255
6 0.659525730694704 0.9296654398064362 0.1349893992189635 0.12500303641282687
