6 0.4081271531588946 0.7890433252367204 0.08975872773738552 0.10671593766539562
6 0.10998335503865152 0.5572029101260327 0.045879945035509656 0.04123606700337625
6 0.17493175691878549 0.6767144592746025 0.034934916491023114 0.04995907465020411
6 0.18974607212257474 0.64763856009774 0.04281528873642209 0.03090287331875773
6 0.2236662242932554 0.684438643396694 0.09529765202856322 0.09112001452198966
6 0.24679725204007333 0.549334373504555 0.04429401775168393 0.04259351183129992
6 0.29138095660792684 0.5871653920317895 0.08051802320455352 0.06950599800413908
6 0.3451709435993434 0.5441740214036133 0.03503460545664547 0.044065571394226864
6 0.3227635278556131 0.455700205633965 0.05206142377527225 0.059949509737649266
6 0.38290047965066476 0.49728242322366817 0.08325433900983334 0.10219602550577667
6 0.5039802103433536 0.4251440691759815 0.03979127401249059 0.04119094390822082
6 0.5044607455132407 0.32167252653582695 0.05584722525514749 0.038719634404319754
6 0.5454246194640671 0.47867836300388283 0.04700596885700695 0.03643214575873715
6 0.5888814082028138 0.4420735443034964 0.03546696375752058 0.03904196039370072
6 0.5557669608916024 0.41110240290839484 0.08574321849300452 0.08121283157558609
6 0.61359929963338 0.49387577232166535 0.03711278733310021 0.029515027609937315
6 0.6601758547385697 0.5145944472180731 0.040028759234112664 0.02830917636535106
6 0.6581655705504431 0.5710279476964711 0.08252306117975783 0.09520191719053268
6 0.6435873239632077 0.4323956061112096 0.05121700778413049 0.04715981419139251
6 0.6781279820060396 0.44565159988580716 0.10488038556020025 0.09308411549741838
6 0.6847738778907726 0.4904248781120863 0.03075516351785182 0.0386447168537256
6 0.7209788051878699 0.5390151512859007 0.07667755350158022 0.09644701248196358
6 0.7580127019390477 0.518160179945514 0.07511622032507134 0.05838626243512556
6 0.7344857254332642 0.4579765611588657 0.05484833947701154 0.12572663836629253
6 0.7675768191391987 0.43287094555637745 0.02328610016499828 0.05428358363336081
6 0.8019844539511021 0.4892338290495347 0.034554014506253235 0.047733659603275365
6 0.7806734910888493 0.47221274961386756 0.040655214515897334 0.0372448456111207
6 0.8232253484836538 0.4296896094363322 0.07274934388061584 0.06545070795104299
6 0.8647827263586935 0.4811189826137429 0.0916672617664675 0.14638095226990422
