6 0.34930313588850176 0.9494773519163764 0.14808362369337982 0.10104529616724733
6 0.6341463414634148 0.896341463414634 0.3135888501742161 0.20731707317073172
6 0.8022648083623694 0.6559233449477353 0.25261324041811845 0.18292682926829265
6 0.8153310104529617 0.3240418118466899 0.36933797909407656 0.3588850174216028
6 0.5557491289198606 0.514808362369338 0.3693379790940767 0.343205574912892
6 0.35627177700348434 0.539198606271777 0.25261324041811845 0.1655052264808362
6 0.06533101045296168 0.6306620209059233 0.13066202090592335 0.12891986062717756
6 0.15766550522648085 0.8371080139372822 0.20731707317073172 0.210801393728223
6 0.04442508710801394 0.7552264808362369 0.08536585365853659 0.13763066202090585
6 0.14372822299651566 0.7134146341463414 0.14808362369337977 0.14111498257839714
6 0.416376306620209 0.7439024390243902 0.2857142857142857 0.1951219512195121
