6 0.880363431002071 0.8332636020010881 0.12413512907293824 0.19439641943341301
6 0.7267552715840421 0.8533870637186126 0.14518959275320437 0.12364290969710452
6 0.7696081399684743 0.8003715981543094 0.085111165651799 0.06774696786449926
6 0.6442920641700792 0.7965316972387018 0.1834181578218739 0.13981930648257915
6 0.522139303322826 0.7237477449630493 0.0823344939464678 0.07877298964137747
6 0.4911557863385893 0.7423172898937055 0.12619334766486723 0.13564790929813056
6 0.53837739132419 0.5960474346671515 0.11302452118171687 0.20281955885253905
6 0.24172025670174777 0.5089106980445746 0.3667549559455309 0.3958977231989566
6 0.7455523255325883 0.5813873028561478 0.09683806738649822 0.16920224101474926
6 0.7644704232489105 0.4517810583763043 0.1356826230957732 0.11242767837484866
6 0.21590907316332614 0.623202813728956 0.13791087915542538 0.11132494435224424
