6 0.19302898622696005 0.9192902185619231 0.03407731092141346 0.04431785269482507
6 0.36070091418702455 0.9347198676693238 0.06440092075296139 0.0889096724114427
6 0.3574889564516495 0.8398183923979617 0.022423338714143218 0.050865131399210534
6 0.4616255460929091 0.813343093293628 0.034797489592971 0.09817893925366426
6 0.4967248487216328 0.7498552415446337 0.024195744639061392 0.10663183589472762
6 0.44577030211129265 0.6554893239885494 0.03635425940916037 0.06587537397548011
6 0.3083791476946612 0.2358618769583078 0.032448745088343015 0.032257849827119635
6 0.29253696582141553 0.12693728081169947 0.04123277332749555 0.06879682248366363
6 0.43949728792753634 0.3876484901867701 0.03903039739491683 0.08065319148816123
6 0.464077351163213 0.32845230659030983 0.02766560323452285 0.04832036009589574
6 0.5256501849015498 0.36006671462021367 0.028915783682314972 0.05312333121235706
6 0.5615291971624584 0.26728473573310635 0.04821434448770872 0.09699025310094492
6 0.4996009240157502 0.3197161709179693 0.029766247067832322 0.05556607854049041
6 0.4854689966009375 0.25006731838491547 0.07052559968169098 0.08476413310063181
6 0.4651684747416923 0.17214129144812315 0.043981991489606916 0.08324273389673233
6 0.4548453156100484 0.1207122525246389 0.03104518536712595 0.057176171973031334
6 0.5708050124870258 0.054887643647301455 0.030552676928484082 0.07267121481158281
6 0.529376064853557 0.13848818078518518 0.03182593036719502 0.048142306743558926
6 0.619875109028581 0.8279344703362729 0.030797548346913523 0.06905392050641924
6 0.6379821352502352 0.7445606258317565 0.04975602140992363 0.09353401640112362
6 0.5449549815082331 0.830468941219097 0.029151950757990132 0.07631347860655324
6 0.6651275489725009 0.9703636081131028 0.046383351591127144 0.04245028026111653
6 0.7117036247001676 0.8004720840051261 0.04232157171279988 0.04074825935984952
6 0.6395385707128021 0.6335482245524401 0.040392327749520396 0.057941290611941004
6 0.7239735373865515 0.44953921869632313 0.04258876431892923 0.05220608716709814
6 0.7428478462824178 0.49577972831463973 0.042432621072860874 0.06181368430196289
6 0.7787693178906566 0.484783345804479 0.053841575806011906 0.09476071630419733
6 0.8869467299720842 0.35809130303071696 0.045659232712729286 0.08662862792100816
6 0.9052143096571929 0.2953465270346088 0.05415583562115542 0.0821217682865403
6 0.871390413087952 0.910299343034183 0.033805277965527264 0.07985594037871924
6 0.9045510806688061 0.8318175351007947 0.03928540715867124 0.06405262883663204
6 0.8895668892884824 0.7213801448962197 0.025628038188425482 0.0712477999483588
6 0.9358680035571502 0.7548059575565259 0.03548129943379273 0.09489980746185356
6 0.9199266403538757 0.4543047965508733 0.04599103429578329 0.1047870636528145
6 0.9569971655719456 0.07010430846641072 0.034013227304263434 0.09295338579736995
6 0.56103417606696 0.1188899593495587 0.03205458402219654 0.05409735406699245
6 0.5271955535213314 0.09043647053877216 0.0372705578963032 0.05067268659043155
6 0.9519876649434452 0.6250833937765663 0.0417825242878856 0.05329891987248467
6 0.2147214146359442 0.35793812570021666 0.11248977543912783 0.20750482698171444
6 0.16400227789911614 0.8879840337608704 0.03347661277638905 0.041043876684266956
