6 0.07645628327462227 0.7738770655812308 0.10326768031131366 0.1135088090181724
6 0.1170759280354423 0.6320379661402784 0.21134984826122657 0.2638696809546657
6 0.09113952231807136 0.44669885114930225 0.1822790446361427 0.256732708679423
6 0.2827983714626453 0.4412498596231951 0.237803783239832 0.2728112598774931
6 0.20383056877993858 0.1924929893820353 0.11692858291023615 0.12622918633952193
6 0.3257575624186084 0.2909426670627028 0.11471892488314635 0.184309572292862
6 0.3227858404961683 0.04092642755765799 0.17508687034111606 0.08185285511531588
6 0.31458190828814986 0.7935415146185414 0.09608021533737415 0.18006499943212861
6 0.3980977656071571 0.6338049968559563 0.15424730094918043 0.17811192551007568
6 0.44275085825226496 0.8719332071152646 0.14341408141459436 0.1653243047271597
6 0.6354935552536302 0.9355820184598527 0.10860508823085173 0.12883596308029474
6 0.6282121261984558 0.7391206527141797 0.13042295092828457 0.2497806307659311
6 0.5508449859750414 0.36883425786580376 0.10069736063890943 0.17050731335518413
6 0.6318827808214267 0.14077930965368118 0.24494523975087606 0.28155861930736187
6 0.8188834130243565 0.24921962915223708 0.31000345506493515 0.32052177433627527
6 0.9082045229217615 0.4453066143707367 0.13615268518048157 0.1403434612654715
6 0.831977994963359 0.6714630113014871 0.1055316246509546 0.18546812128876491
6 0.9677674898959223 0.8587724584624682 0.06446502020815252 0.10097791875108596
