6 0.19666363742108825 0.6711646840820974 0.1436607537754355 0.16981055484793423
6 0.37195770383103055 0.7188445526200788 0.41112181170481177 0.3835445377317821
6 0.6573707160533486 0.6660496017230176 0.1807031124465028 0.19810303389004066
6 0.9111055321873976 0.7714427361837043 0.17778893562517925 0.21284433025516794
6 0.10381763886868776 0.5249574874367107 0.20763527773737536 0.27609281256483903
6 0.03204537698888345 0.34065831657553697 0.0640907539777669 0.09733478545943303
6 0.1031892737972238 0.3794254284923001 0.1697139008423977 0.0966096716624635
6 0.08653029789560068 0.2999428720590989 0.11361651579886085 0.10446199520848393
6 0.3033892993226587 0.5446142682519279 0.2918096551640412 0.38969814361984256
6 0.3432902092157671 0.3612866758995441 0.17160984719610975 0.11238722354526014
6 0.49433273785608894 0.3301167255777785 0.12143384742307019 0.05879811314973224
6 0.5311073045658203 0.4312732038202251 0.34846935974159954 0.2562746306369627
6 0.826375926349489 0.47676471896040823 0.34724814730102205 0.3098894208606086
6 0.855163513855748 0.8714124881102709 0.15351070985561027 0.1390181397133611
