0 0.1153264334053868 0.8676404280975584 0.06519755567725126 0.09063706477562512
0 0.2201094783207128 0.8658047339479563 0.0911500903666276 0.08923540722711315
0 0.23976068502445036 0.791222482448503 0.0945722111538948 0.08722838323947207
0 0.04437230404185213 0.8386661996085973 0.08874460808370425 0.04657709532106484
0 0.025213325470770848 0.7261843942808629 0.050426650941541584 0.0802795177447434
0 0.06382846570139067 0.6203567852935402 0.057817026152044315 0.09894404091846644
0 0.1854502142992237 0.5770268427755068 0.04790736275843796 0.1031611863669774
0 0.36988426590230966 0.8157789044144148 0.06296955700441348 0.10525190337214524
0 0.3642580612217816 0.7190248483846235 0.11303533714758418 0.0489212949994943
0 0.40021662219107024 0.6823224763841352 0.10630729454944478 0.044485057370502075
0 0.5274177686419622 0.856849149968448 0.0689579554456778 0.10216379848138563
0 0.5704500383561012 0.7808753792895062 0.059922930801464054 0.10206385082659293
0 0.7346986048357745 0.9029081272148899 0.05324531059434516 0.1058307242707814
0 0.7017663617406376 0.8151519180004148 0.050014941143698796 0.10070821614240738
0 0.777978849566085 0.87775713040052 0.04909295835231869 0.10902347275475488
0 0.7452832799005584 0.7530875886266476 0.10120522517815883 0.07060234847758681
0 0.8355910742359177 0.6938595760491378 0.07947053802450668 0.08859967470152137
0 0.3152377174158852 0.5686957044990225 0.0519565796827851 0.10293117550556928
0 0.3862840597569695 0.5916509474522842 0.08235588307201612 0.08475928878540218
0 0.24136549442011226 0.4472377912635526 0.08760992085719878 0.031247494809890558
0 0.24918751637261213 0.4777402892843904 0.10984613618156158 0.04550322840618719
0 0.38923903447870345 0.5125474973812504 0.058232164280081725 0.10606799141679295
0 0.4227047232513991 0.5214090383880088 0.07056679189188822 0.08866662206633533
0 0.47287764191022624 0.4462597326335465 0.07672938079098887 0.10230540333339679
0 0.3396252672690314 0.40740076645456214 0.048956510051573456 0.10973817682745239
0 0.3831394253784383 0.41388330532337647 0.04405167400475987 0.08673544750251029
0 0.7165053975322598 0.5709387540338013 0.10771121740927708 0.05357213109643442
0 0.8211059407205096 0.5706080445690628 0.05368866393198253 0.08325403100185001
0 0.8408772204507674 0.5514028723759367 0.08787817623690537 0.09306774185994801
0 0.8703113181078919 0.5143293643282845 0.08548925355747061 0.08528043288995263
0 0.64488626761519 0.44695696254822087 0.0990354512493418 0.05721535774798822
0 0.6581034169823158 0.39137848716291074 0.12209757417158845 0.06833387708162605
0 0.7969158523975147 0.3403390943405238 0.06595222250726245 0.08536808789821074
0 0.4688798728923161 0.34501672143537154 0.06627145520368716 0.10210254050053548
0 0.7169781319820245 0.27375294201020467 0.09014593509919074 0.12250180945557233
0 0.5795434553494451 0.2610854667871309 0.08265595666123066 0.060625359334100556
0 0.4005889178548714 0.1762745938571711 0.043703270203492704 0.0828357931703291
0 0.48744573904574523 0.19655126744526868 0.0661582810309798 0.10154972757466879
0 0.5592288928685456 0.2001822697922534 0.08165598313451068 0.08751891010829606
0 0.6090673194803492 0.15649886568009846 0.09708699155990913 0.11555534812844652
0 0.6864619654979879 0.10625576362250871 0.0729838742423069 0.09979615583298074
0 0.45149957925354295 0.07251526443134686 0.05351548502792378 0.11288203401538825
0 0.5776477858063831 0.07139193779889007 0.06358671705288638 0.1053517138842871
0 0.8011864491189563 0.094606986131408 0.05455028069221264 0.08821992479116117
0 0.8182652970392634 0.04035259793968162 0.08769025934382084 0.08070519587936321
0 0.38147273188284664 0.16677361548681285 0.03641972623511719 0.07980704397991066
