6 0.26615495125679234 0.8585686499396779 0.08359205164424205 0.2150127312878851
6 0.3624784837706793 0.8965921835668637 0.11060287381950479 0.14458660958085578
6 0.402159535407789 0.9428982916817968 0.05587075419084879 0.11420341663639742
6 0.5160787511997953 0.9458725303884162 0.05354955175186759 0.10801896895785285
6 0.5784230388937002 0.9700179359828245 0.05591833328407885 0.059964128034342916
6 0.4801639602912888 0.8934634991073357 0.07696597673963801 0.09827988883167046
6 0.524438865258857 0.8740951971567338 0.06581082728998561 0.087662738447923
6 0.5608799265267634 0.8377942243962018 0.08354144676164132 0.08821818947703157
6 0.5596994536448551 0.7423399067591825 0.050181790425151626 0.12987657795568125
6 0.6308349385357546 0.7268897980498231 0.08838218044393308 0.12230679289716395
6 0.5067792656133332 0.7436309192842026 0.05327640039740529 0.15458263128487976
6 0.4190562386374541 0.7708464850643613 0.21538687444397714 0.34371905298072714
6 0.8436651428653161 0.6602539857042876 0.12743716137849265 0.2022005858767374
6 0.7388557824585759 0.6331828549823163 0.1231232047408363 0.1485647484905748
6 0.6258014264505608 0.6001255648214997 0.07921362637318065 0.14663054368327266
6 0.6677111921315163 0.5028187445362386 0.06300277611684584 0.13623915563943848
6 0.7361406887577462 0.5329380560397174 0.08359262804085554 0.09581331027480106
6 0.5551696065310169 0.5785632448323887 0.05086250598558259 0.14505613880433174
6 0.5961689000094433 0.5191585756670136 0.08021643330900616 0.1030432305159485
6 0.5763354057900872 0.4522278145133114 0.06366784930915073 0.09366935764364827
6 0.49347496999687784 0.5014603284273579 0.08691497405408896 0.12372474311451022
6 0.5276369477080728 0.3873797891448331 0.0750113673985664 0.10214268013326473
6 0.5949042983970615 0.36030530936835037 0.06063710273201608 0.07036304951505558
6 0.465414868123456 0.36365433653933993 0.06956679802856412 0.07943976504586726
6 0.4568877892903439 0.2766252823059279 0.07984217786552096 0.1345338397359192
6 0.522657036770452 0.15609370219127564 0.16620918494299805 0.31218740438255094
6 0.6022842177811638 0.2591559920070426 0.10036535047710084 0.13424919105701819
6 0.7471015286837189 0.21753187939790244 0.20365030970750486 0.23348081858312894
6 0.7500969150118897 0.34795505626158774 0.07569990081902438 0.06811166427000924
6 0.6955490580313654 0.39750593086576314 0.06328100149822286 0.10761605689335857
6 0.7435993348209436 0.44064195090474045 0.061013261606476146 0.09090021368536788
6 0.8048516409650307 0.473685666303573 0.06822628477198281 0.0982199936198795
6 0.9364828649998806 0.6538386003888487 0.05843916898587475 0.13018325167667208
6 0.9627286890318629 0.7450811571186295 0.07454262193627333 0.18009664651778018
6 0.767387428015478 0.9066659685901695 0.13601789480869095 0.1866680628196507
6 0.943234239920805 0.3983440443097031 0.07613938148622511 0.2499517010200607
6 0.8785292900709013 0.26553422411624183 0.10585842041879387 0.2730827187574006
6 0.9563818270289223 0.15838466714165936 0.07535830722867597 0.1227103043063548
6 0.8482182577909134 0.10364668714769237 0.13847762409673053 0.16865270615339614
6 0.6601694964885642 0.10180966687499239 0.12653453965184494 0.14186615964102925
6 0.7368622946813171 0.09821079187844334 0.07534857963381306 0.10762533541736341
6 0.7668105657167321 0.05912832005961803 0.0880406917241494 0.11237902125940448
6 0.5657443245524243 0.12191306108935258 0.06921068045947457 0.19128134756203857
6 0.6089348234278112 0.04387734802466654 0.09737808334754199 0.08775469604933304
6 0.4962281174692619 0.029009987885045982 0.04998243995957121 0.058019975770091964
6 0.37150896532795075 0.13904894092116538 0.19481228661066685 0.27809788184233075
6 0.24674917850134442 0.31468911125543786 0.21378185370434688 0.1315701853387013
6 0.42652817307730173 0.5205349712136363 0.10207499644924409 0.2760099428082089
6 0.3594724419009481 0.5458028730296608 0.07495952237837908 0.1504090805776377
6 0.19617256275512834 0.4103038841859102 0.14793681109090032 0.16969922586750946
6 0.08954354444777204 0.4372792497208021 0.131866166249276 0.22449136356208255
6 0.04124638254876126 0.2277234952984714 0.08249276509752251 0.17148069706702512
6 0.10401486241555309 0.11462307514157999 0.1905194092569319 0.2292461502831598
6 0.2162602083806693 0.1362910334193033 0.06913194893023691 0.11547128699782389
6 0.3868666628609394 0.3708509097193221 0.06943606018582425 0.13213625681463773
6 0.31214784521859257 0.5103297628166907 0.2118693314917451 0.48649745604875166
