3 0.29914962113141336 0.6170104440682919 0.17214003561581442 0.26096431816961424
3 0.2040975546848338 0.7999054184740997 0.21202684021048188 0.15411417850442224
3 0.14741356204770825 0.91532323934798 0.2385419458590187 0.16888587917944803
3 0.47036867519702097 0.9207463073813759 0.3108794034629241 0.15850738523724775
3 0.3802088836934604 0.7027752540444681 0.2800273676334342 0.2397944687645441
3 0.45093688747255045 0.7542970004396523 0.2613532419404522 0.22314512807287953
3 0.6152931797145803 0.8147523021359272 0.32434654251920547 0.14611014477061177
3 0.8294753170966251 0.8747411018522934 0.17774910157548035 0.25051779629539545
3 0.7470578523096105 0.7230452688228611 0.3535490184585055 0.15886561026868334
3 0.7206633781112868 0.599810522497537 0.3824592780669792 0.17775767384705232
3 0.5574111002553954 0.5967838553383491 0.34559143128002257 0.23698770531620475
3 0.45687908520375126 0.2984246975114666 0.31874342905129754 0.1522801970046774
3 0.6369154009506139 0.39810067259915605 0.2567010129428948 0.28443125643298744
3 0.8471049627652182 0.4179838307064066 0.3034281038854627 0.2233839063335821
3 0.9107477887965659 0.23444619897449215 0.17850442240686057 0.12049382558357716
3 0.4750737067810239 0.160144733315465 0.2613240418118467 0.21575984990619135
3 0.7343875636558564 0.08643795229161075 0.313588850174216 0.1728759045832215
