3 0.12885800878296186 0.4729192008741727 0.2577160175659237 0.12164196029111608
3 0.10411727109663314 0.567441506393736 0.2082345421932663 0.1367084351642008
3 0.21081170236892532 0.40769722412095005 0.23812960023091326 0.14519323943483206
3 0.2614033390480207 0.37475873815894006 0.3599301549943777 0.22552133967922675
3 0.07628394119951339 0.17508829747247975 0.15256788239902677 0.10800283566916574
3 0.0716450528833268 0.09257952323329713 0.1432901057666536 0.08651328466597615
3 0.2070847322687413 0.110698941699086 0.16184565903140002 0.221397883398172
3 0.26287033791724196 0.25567563868128923 0.35255551203018337 0.14015481504407618
3 0.4270719888215471 0.4164700253934584 0.30660143741836265 0.27626592478907447
3 0.30272740836135403 0.6516929377821189 0.20068088622350022 0.16454651885476024
3 0.302554094213268 0.552050261671837 0.29037508115469335 0.2134339666358443
3 0.4590721187452641 0.6908612620430131 0.3147691905448508 0.12136749854095878
3 0.15718872907870962 0.8248690807681678 0.31437745815741924 0.13715904625458228
3 0.41389192421087306 0.8014923042208973 0.26080860977671433 0.13362961756510006
3 0.6397633611878045 0.4811851142740234 0.12272339159890798 0.1895443666206445
3 0.6182913470733853 0.37408391867909685 0.29581614362412983 0.1692528748602983
3 0.5639793890623708 0.2991315915675068 0.2769157083798988 0.14755696804943474
3 0.41633464507227813 0.19978456770867573 0.3269161536643779 0.17394824720779037
3 0.584827934452572 0.1423482857460897 0.2972430857986728 0.21075542381964824
3 0.8282103681782732 0.33073147676165865 0.22859668524624183 0.17453173630972468
3 0.8833032183400378 0.25371677738946213 0.2333935633199248 0.11617595396403474
3 0.655923344947735 0.09414977888587325 0.32926829268292646 0.13657063404312206
3 0.5031155884092811 0.5753878824307452 0.14375002973646325 0.18693530455689467
