3 0.12458007832208304 0.44002683638232093 0.21043796006569834 0.1025225543920389
3 0.22259669411961347 0.5221906745104706 0.1935348891328601 0.09580578424147675
3 0.18809535333128935 0.35137054547486263 0.16081917928031758 0.15145708270900146
3 0.2606091477566166 0.3420527545685549 0.20148913093783363 0.13674792358194446
3 0.25926799280403284 0.2961702972461561 0.19204754624405987 0.143562106362653
3 0.33615699364751483 0.24161643708653635 0.23333693924688503 0.10062227598503679
3 0.32992400138421885 0.19947674466134618 0.22602365008845474 0.10739226104590072
3 0.30824639897435974 0.1416012465405941 0.22811021542059376 0.10216782430127473
3 0.3817041855602303 0.14280125979496042 0.20197210606647262 0.19746783218804617
3 0.34243917767464366 0.41568520962306266 0.1842976266470016 0.1312591621979953
3 0.3158934248319034 0.5746249914180563 0.106507446261787 0.12778420503679727
3 0.41964561287209945 0.5167550549017059 0.17926395721338495 0.07453522330929066
3 0.37502194583803616 0.7489759173714957 0.08851448997489189 0.2179738003736877
3 0.5178825494756036 0.6188812097435809 0.042204911683079674 0.14631521966388536
3 0.45720128477846045 0.618461675245097 0.12247909895518226 0.1185032120240726
3 0.5165566848471066 0.4869142529274526 0.11216940665073129 0.23491859000439988
3 0.5151013565570096 0.2775955578813652 0.13282308722611635 0.25742869373523464
3 0.4584224735107671 0.3619915114824146 0.19040181788791252 0.17572873907923284
3 0.5257885365072459 0.20568191567839336 0.15026194087596556 0.24429548485672573
3 0.5724163319023102 0.15084994362397247 0.2072177538938796 0.21579923840169607
3 0.6730430198678148 0.2004668939062932 0.19352620352136807 0.20940587102549127
3 0.6706910917617379 0.34700110789483196 0.18635875331476193 0.21906617466642342
3 0.6606087679561307 0.44371372222238703 0.12414302715854346 0.22112769466746335
3 0.7490990774850617 0.6092030884573791 0.09524738072991426 0.14904934797076946
3 0.6383293514534353 0.5992470524818186 0.15089575902849423 0.08618625661571525
3 0.8242956892777957 0.5870641454570137 0.1680309433366097 0.08064469184417511
3 0.865411289417479 0.6187768753523281 0.1526926701827221 0.20223852862497713
3 0.8118017995124152 0.42875141242761194 0.11857665397814458 0.28721072333805175
3 0.9084740583737618 0.443788104632692 0.1261203384509774 0.2804467937878061
3 0.8459683066469039 0.29340938048804754 0.1871835722596213 0.1768369140475757
3 0.7842648351856083 0.807085835335514 0.10545327460538932 0.17778510939142084
3 0.6505265771844209 0.75071623444366 0.11816808775310171 0.06626935617216095
3 0.5637059716112988 0.7067480716722102 0.07484855791372354 0.08074549043485238
