3 0.03619654060357598 0.42957906250630074 0.07239308120715196 0.2868910995987139
3 0.11080573654155909 0.4067339291699524 0.14774098205541222 0.5088856048575285
3 0.17143245234340646 0.38005847407661436 0.1212534316036952 0.5512927385956563
3 0.24418301200824966 0.35611896309541025 0.12995734532652087 0.5253012695303482
3 0.2544428024287651 0.3889502924410613 0.16689259084037292 0.4924699401847061
3 0.30779371261544214 0.44708910482397896 0.11217370859762778 0.5211973533621488
3 0.3727723852787021 0.4334093842632922 0.11354168065369635 0.5266692415864226
3 0.4305708279969758 0.40399798505781676 0.142949833160424 0.5389809900910404
3 0.49315392621274085 0.4057128201760238 0.13542923355079411 0.5273434875182115
3 0.5622365150442037 0.4087858872540548 0.16415664672823488 0.5403489621471064
3 0.6196913413990902 0.4163097335624347 0.18057231140105934 0.5389809900910407
3 0.6949298044828649 0.43682931440346423 0.20519580841029467 0.5116215489696683
3 0.7722202256507426 0.4505090349641506 0.2366591656998733 0.45963861083906027
3 0.794791764575875 0.4306734401511554 0.2352911936438045 0.49657385635291335
3 0.8333031622156123 0.31756270676102294 0.2546406070234146 0.34318995226025856
3 0.8545296167247386 0.34756097560975613 0.29094076655052276 0.43031358885017423
3 0.901567944250871 0.3144599303135889 0.19686411149825786 0.2700348432055749
