6 0.05960052764474765 0.8915494094368823 0.1192010552894953 0.21690118112623538
6 0.23947910166277403 0.822757287051412 0.19975470749644095 0.22609528436618248
6 0.45269641660311827 0.7766723419321153 0.08516812323307331 0.08466071074849534
6 0.5289521655096503 0.6851815409069174 0.1327556576436707 0.2173393251409862
6 0.6685699719577615 0.6203783214743815 0.17303007267671028 0.24097307795003037
6 0.15824172047420146 0.5615995339544521 0.1942666267642779 0.22515937034064704
6 0.15454278017576903 0.39603042011097883 0.16059259904328227 0.17031457681746498
6 0.35397782176776565 0.5119223789206594 0.16965233593411677 0.18523739891868796
6 0.4958989111447211 0.35179051208112905 0.2201352494467992 0.3262562174547137
6 0.6585122847121123 0.3798274814257337 0.15654364526119355 0.19366297329714957
6 0.7001397002937247 0.2468360520965669 0.1454871682860438 0.1814433311190974
6 0.5975207847104692 0.15124185779580943 0.1862542692916701 0.1537106439641201
6 0.5098911606979809 0.1892146774181936 0.08893445961870176 0.09563212838464998
6 0.8600252083844194 0.19331090609823612 0.11584785454267524 0.18132243867459968
6 0.9617822889910371 0.2355009156656254 0.07643542201792561 0.17385225727950254
6 0.8685569227683457 0.05976273582272246 0.0890804511442767 0.11952547164544484
6 0.9493562822768385 0.03243437580724443 0.060598744753306545 0.06486875161448878
6 0.525828553116808 0.05090122040585553 0.09147509632745512 0.10180244081171105
6 0.44600929016953367 0.05260655976997452 0.0619541751696626 0.10521311953994904
6 0.058545312229514555 0.14535332440586698 0.11360630390153786 0.18197556558093284
