3 0.7171685696638153 0.5004435547546264 0.40297189310335135 0.27091368314591563
3 0.3735193223575384 0.5879790940766523 0.186711686350884 0.3127839832270479
3 0.2517823718583734 0.7640227777333197 0.49659610260176446 0.289522308501838
3 0.21329137570909723 0.5695631527125814 0.2772500011950462 0.2966602811357367
3 0.30112997497093014 0.31624378829890226 0.43993074687022377 0.5116117544334504
3 0.6393807752694063 0.331042264840687 0.49919200839957967 0.22302832755845675
3 0.5693411849474245 0.18344023521527042 0.5001016332561092 0.1548175385753191
3 0.18567481834702293 0.0894517570341742 0.37134963669404586 0.1789035140683484
3 0.45165298487257816 0.07534859108592022 0.33536680783956335 0.15069718217184044
3 0.7394130259983902 0.08248458858214941 0.3054140980970245 0.16496917716429882
3 0.17484089009561657 0.9049801043234447 0.34968178019123314 0.1900397913531107
3 0.917211306517123 0.3072593447827967 0.16557738696575344 0.26779786817310236
