3 0.873770999585577 0.7690263653550578 0.20461126847884809 0.20392199250287205
3 0.6947676445826245 0.6101211698367459 0.20762364945710096 0.19760810256719197
3 0.6250030728076497 0.3479051453933434 0.2666059127135851 0.2708580842410126
3 0.5753450009253349 0.5876199268642966 0.15399523265016193 0.13298850328024436
3 0.4550976217663195 0.5995307516934044 0.14793749035904996 0.18733881265872082
3 0.48429482227205256 0.500937417300554 0.2121442513929097 0.1026852403052386
3 0.4056507972627033 0.5391389739340141 0.11833307547732132 0.08591910670733732
3 0.35814557975570177 0.4773994332903257 0.25368397537969595 0.2048448737568994
3 0.2807153288227833 0.4079690578824915 0.22339028848209497 0.1378688821557262
3 0.12060847439564353 0.4203336393036423 0.24121694879128674 0.16724029252407738
3 0.09189164862123655 0.5631651117391933 0.15391861368505022 0.2395775924707835
3 0.28410948277789233 0.5860931594038081 0.11001961747663248 0.14826173050326957
3 0.17694659573180668 0.5187179729564237 0.09683378082302391 0.08123677843619267
3 0.212640725842991 0.5838423788447978 0.06486717146274973 0.13662884462342129
3 0.2446410318920979 0.337083967703961 0.17781824011573444 0.0627406703795317
