3 0.5094763438422091 0.3032625784316589 0.10628234278968819 0.051632431512971665
3 0.5161350842581665 0.33578430477424837 0.13574462987890282 0.0529735336301922
3 0.4266053304996957 0.33107939432454925 0.09267548443173043 0.04137804503679867
3 0.44867205617770134 0.3768939093036318 0.11962906267574985 0.05270496153435166
3 0.36682364278410196 0.38394566928562013 0.07137507942051641 0.032304834524450474
3 0.3295776708885775 0.36968451886737086 0.08476134569404654 0.02780096025487979
3 0.2778292716498073 0.4170758358832082 0.0977422805948862 0.07303740283373862
3 0.33741125576086817 0.4235335603417838 0.0258312679706553 0.05483052163582453
3 0.29025700715405894 0.4301132229380819 0.07725011270469458 0.07578796546107296
3 0.34139237697886604 0.4866027109506219 0.03721130426438981 0.0762178754776181
3 0.2677065863918632 0.5049263990654488 0.03216630105936494 0.062170025092800646
3 0.3177318595095585 0.5261565759874505 0.062181477449608454 0.042535333362227694
3 0.33256259229386287 0.5703248868345383 0.05779842265574562 0.06103945570186219
3 0.38835298082474934 0.46947749151097606 0.04664500549190901 0.08482297633413272
3 0.43223574851697244 0.4555625747695173 0.09307748406187627 0.08474647468596734
3 0.48006723338210366 0.45372285991362793 0.06980811304640719 0.10979466351180521
3 0.5284255169280804 0.4495772659094821 0.04583697580017685 0.10795776819139878
3 0.45232950812066547 0.5276427831083546 0.13725582947536155 0.040225127045388935
3 0.41776783718836014 0.6036882925445431 0.06260936739486035 0.12705419055808717
3 0.3727755142905342 0.6446736781004284 0.10447247269104826 0.11394186454843179
3 0.37977181682727523 0.5759562268836762 0.07177808966062597 0.07939733209412697
3 0.48980201913740096 0.5762257140468307 0.12106416004409803 0.0874270163088917
3 0.5440155510746716 0.5850424995049451 0.12716587081017444 0.07671536524296284
3 0.6329504303082736 0.49774335220784827 0.15021907450531935 0.03630564443279661
3 0.6109031451185933 0.5709616492677673 0.08179305444185778 0.08517068544328907
3 0.6358612347294206 0.5477153515326273 0.09349083040197045 0.06467422073471796
3 0.6673658139366746 0.6150172863603376 0.059878500045745554 0.10334833137947536
3 0.6059865379104115 0.668632837724217 0.13650454526496525 0.054774269440282575
3 0.5290318462997778 0.7058300339677624 0.07777534614102806 0.03250035912861465
3 0.5317118831540059 0.6843620996223853 0.033329165043337446 0.03630498335077828
3 0.44036965537731537 0.6863013860346033 0.03291976616987675 0.03337705048572361
